1.000000,1.000000,1.000000,1.000000,1.000000,1.000000,1.000000,1.000000,1.000000,1.000000,1.000000,1.000000,1.000000,1.000000,1.000000,1.000000,1.000000,1.000000,1.000000,1.000000,1.000000,1.000000,1.000000,1.000000,1.000000,1.000000,1.000000,1.000000,1.000000,1.000000,1.000000,1.000000,1.000000,1.000000,1.000000,1.000000,1.000000,1.000000,1.000000,1.000000,1.000000,1.000000,1.000000,1.000000,1.000000,1.000000,1.000000,1.000000,1.000000,1.000000,1.000000,1.000000,1.000000,1.000000,1.000000,1.000000,1.000000,1.000000,1.000000,1.000000,1.000000,1.000000,1.000000,1.000000,1.000000,1.000000,1.000000,1.000000,1.000000,1.000000,1.000000,1.000000,1.000000,1.000000,1.000000,1.000000,1.000000,1.000000,1.000000,1.000000,1.000000,1.000000,1.000000,1.000000,1.000000,1.000000,1.000000,1.000000,1.000000,1.000000,1.000000,1.000000,1.000000,1.000000,1.000000,1.000000,1.000000,1.000000,1.000000,1.000000
1.000000,1.000000,1.000000,1.000000,1.000000,1.000000,1.000000,1.000000,1.000000,1.000000,1.000000,1.000000,1.000000,1.000000,1.000000,1.000000,1.000000,1.000000,1.000000,1.000000,1.000000,1.000000,1.000000,1.000000,1.000000,1.000000,1.000000,1.000000,1.000000,1.000000,1.000000,1.000000,1.000000,1.000000,1.000000,1.000000,1.000000,1.000000,1.000000,1.000000,1.000000,1.000000,1.000000,1.000000,1.000000,1.000000,1.000000,1.000000,1.000000,1.000000,1.000000,1.000000,1.000000,1.000000,1.000000,1.000000,1.000000,1.000000,1.000000,1.000000,1.000000,1.000000,1.000000,1.000000,1.000000,1.000000,1.000000,1.000000,1.000000,1.000000,1.000000,1.000000,1.000000,1.000000,1.000000,1.000000,1.000000,1.000001,1.000001,1.000001,1.000001,1.000002,1.000002,1.000002,1.000003,1.000004,1.000004,1.000005,1.000006,1.000007,1.000008,1.000008,1.000009,1.000010,1.000011,1.000012,1.000012,1.000013,1.000013,1.000013
1.000000,1.000000,1.000000,1.000000,1.000000,1.000000,1.000000,1.000000,1.000000,1.000000,1.000000,1.000000,1.000000,1.000000,1.000000,1.000000,1.000000,1.000000,1.000000,1.000000,1.000000,1.000000,1.000000,1.000000,1.000000,1.000000,1.000000,1.000000,1.000000,1.000000,1.000000,1.000000,1.000000,1.000000,1.000000,1.000000,1.000000,1.000000,1.000000,1.000000,1.000000,1.000000,1.000000,1.000000,1.000000,1.000000,1.000000,1.000001,1.000001,1.000001,1.000001,1.000001,1.000001,1.000001,1.000001,1.000002,1.000002,1.000002,1.000002,1.000003,1.000003,1.000003,1.000004,1.000004,1.000004,1.000005,1.000005,1.000006,1.000006,1.000007,1.000008,1.000008,1.000009,1.000010,1.000010,1.000011,1.000012,1.000013,1.000013,1.000014,1.000015,1.000016,1.000017,1.000017,1.000018,1.000019,1.000020,1.000020,1.000021,1.000021,1.000022,1.000022,1.000023,1.000023,1.000023,1.000024,1.000024,1.000024,1.000024,1.000023
1.000000,1.000002,1.000001,1.000001,1.000001,1.000001,1.000001,1.000001,1.000001,1.000001,1.000001,1.000001,1.000001,1.000001,1.000001,1.000001,1.000001,1.000001,1.000001,1.000001,1.000001,1.000001,1.000002,1.000002,1.000002,1.000002,1.000002,1.000002,1.000002,1.000003,1.000003,1.000003,1.000003,1.000004,1.000004,1.000004,1.000004,1.000005,1.000005,1.000005,1.000006,1.000006,1.000006,1.000007,1.000007,1.000007,1.000008,1.000008,1.000009,1.000009,1.000010,1.000010,1.000011,1.000011,1.000012,1.000012,1.000013,1.000014,1.000014,1.000015,1.000016,1.000016,1.000017,1.000018,1.000018,1.000019,1.000020,1.000020,1.000021,1.000022,1.000022,1.000023,1.000024,1.000024,1.000025,1.000026,1.000026,1.000027,1.000027,1.000028,1.000028,1.000029,1.000029,1.000030,1.000030,1.000031,1.000031,1.000031,1.000031,1.000032,1.000032,1.000032,1.000032,1.000032,1.000032,1.000032,1.000032,1.000032,1.000031,1.000031
1.000000,1.000002,1.000039,1.000029,1.000024,1.000020,1.000017,1.000015,1.000014,1.000013,1.000012,1.000012,1.000011,1.000011,1.000011,1.000011,1.000010,1.000010,1.000011,1.000011,1.000011,1.000011,1.000011,1.000011,1.000012,1.000012,1.000012,1.000012,1.000013,1.000013,1.000013,1.000014,1.000014,1.000015,1.000015,1.000016,1.000016,1.000016,1.000017,1.000017,1.000018,1.000018,1.000019,1.000019,1.000020,1.000020,1.000021,1.000021,1.000022,1.000023,1.000023,1.000024,1.000024,1.000025,1.000025,1.000026,1.000026,1.000027,1.000027,1.000028,1.000028,1.000029,1.000029,1.000030,1.000030,1.000031,1.000031,1.000032,1.000032,1.000032,1.000033,1.000033,1.000034,1.000034,1.000034,1.000034,1.000035,1.000035,1.000035,1.000035,1.000036,1.000036,1.000036,1.000036,1.000036,1.000036,1.000036,1.000036,1.000036,1.000036,1.000036,1.000036,1.000036,1.000036,1.000036,1.000035,1.000035,1.000035,1.000035,1.000034
1.000000,1.000002,1.000150,1.000113,1.000090,1.000076,1.000065,1.000057,1.000051,1.000047,1.000043,1.000040,1.000038,1.000036,1.000034,1.000033,1.000032,1.000031,1.000030,1.000029,1.000029,1.000028,1.000028,1.000027,1.000027,1.000027,1.000027,1.000027,1.000027,1.000027,1.000027,1.000027,1.000027,1.000028,1.000028,1.000028,1.000028,1.000028,1.000029,1.000029,1.000029,1.000030,1.000030,1.000030,1.000031,1.000031,1.000031,1.000032,1.000032,1.000032,1.000033,1.000033,1.000033,1.000034,1.000034,1.000034,1.000034,1.000035,1.000035,1.000035,1.000036,1.000036,1.000036,1.000037,1.000037,1.000037,1.000037,1.000037,1.000038,1.000038,1.000038,1.000038,1.000038,1.000039,1.000039,1.000039,1.000039,1.000039,1.000039,1.000039,1.000039,1.000039,1.000039,1.000039,1.000039,1.000039,1.000039,1.000039,1.000039,1.000038,1.000038,1.000038,1.000038,1.000038,1.000037,1.000037,1.000037,1.000037,1.000036,1.000036
1.000000,1.000002,1.000150,1.000223,1.000179,1.000149,1.000128,1.000113,1.000100,1.000091,1.000083,1.000077,1.000072,1.000067,1.000064,1.000060,1.000058,1.000055,1.000053,1.000052,1.000050,1.000049,1.000047,1.000046,1.000046,1.000045,1.000044,1.000044,1.000043,1.000043,1.000042,1.000042,1.000042,1.000042,1.000042,1.000042,1.000042,1.000042,1.000042,1.000042,1.000042,1.000042,1.000042,1.000042,1.000042,1.000042,1.000042,1.000043,1.000043,1.000043,1.000043,1.000043,1.000044,1.000044,1.000044,1.000044,1.000045,1.000045,1.000045,1.000045,1.000045,1.000046,1.000046,1.000046,1.000046,1.000046,1.000046,1.000046,1.000047,1.000047,1.000047,1.000047,1.000047,1.000047,1.000047,1.000047,1.000047,1.000047,1.000047,1.000047,1.000047,1.000047,1.000047,1.000047,1.000047,1.000047,1.000046,1.000046,1.000046,1.000046,1.000046,1.000045,1.000045,1.000045,1.000044,1.000044,1.000044,1.000043,1.000043,1.000043
1.000000,1.000002,1.000150,1.000352,1.000282,1.000235,1.000202,1.000177,1.000158,1.000143,1.000130,1.000120,1.000112,1.000105,1.000099,1.000093,1.000089,1.000085,1.000081,1.000078,1.000076,1.000073,1.000071,1.000069,1.000068,1.000066,1.000065,1.000064,1.000063,1.000062,1.000061,1.000060,1.000060,1.000059,1.000058,1.000058,1.000058,1.000057,1.000057,1.000057,1.000057,1.000057,1.000056,1.000056,1.000056,1.000056,1.000056,1.000056,1.000056,1.000056,1.000056,1.000056,1.000056,1.000056,1.000056,1.000057,1.000057,1.000057,1.000057,1.000057,1.000057,1.000057,1.000057,1.000057,1.000057,1.000057,1.000057,1.000057,1.000057,1.000057,1.000057,1.000057,1.000057,1.000057,1.000057,1.000057,1.000057,1.000057,1.000057,1.000057,1.000056,1.000056,1.000056,1.000056,1.000056,1.000056,1.000055,1.000055,1.000055,1.000054,1.000054,1.000054,1.000053,1.000053,1.000053,1.000052,1.000052,1.000051,1.000051,1.000050
1.000000,1.000002,1.000150,1.000352,1.000413,1.000344,1.000295,1.000259,1.000231,1.000208,1.000190,1.000175,1.000162,1.000152,1.000142,1.000134,1.000128,1.000121,1.000116,1.000111,1.000107,1.000104,1.000100,1.000097,1.000095,1.000092,1.000090,1.000088,1.000086,1.000085,1.000083,1.000082,1.000081,1.000080,1.000079,1.000078,1.000077,1.000076,1.000076,1.000075,1.000075,1.000074,1.000074,1.000073,1.000073,1.000073,1.000073,1.000072,1.000072,1.000072,1.000072,1.000072,1.000071,1.000071,1.000071,1.000071,1.000071,1.000071,1.000071,1.000071,1.000071,1.000071,1.000071,1.000071,1.000070,1.000070,1.000070,1.000070,1.000070,1.000070,1.000070,1.000070,1.000070,1.000070,1.000069,1.000069,1.000069,1.000069,1.000069,1.000068,1.000068,1.000068,1.000068,1.000067,1.000067,1.000067,1.000066,1.000066,1.000066,1.000065,1.000065,1.000064,1.000064,1.000064,1.000063,1.000063,1.000062,1.000061,1.000061,1.000060
1.000000,1.000002,1.000150,1.000352,1.000560,1.000467,1.000400,1.000351,1.000313,1.000282,1.000257,1.000237,1.000219,1.000205,1.000192,1.000181,1.000172,1.000163,1.000156,1.000149,1.000143,1.000138,1.000134,1.000129,1.000126,1.000122,1.000119,1.000116,1.000114,1.000111,1.000109,1.000107,1.000105,1.000104,1.000102,1.000101,1.000100,1.000098,1.000097,1.000096,1.000095,1.000095,1.000094,1.000093,1.000093,1.000092,1.000091,1.000091,1.000090,1.000090,1.000090,1.000089,1.000089,1.000089,1.000088,1.000088,1.000088,1.000087,1.000087,1.000087,1.000087,1.000086,1.000086,1.000086,1.000086,1.000086,1.000085,1.000085,1.000085,1.000085,1.000084,1.000084,1.000084,1.000084,1.000083,1.000083,1.000083,1.000082,1.000082,1.000082,1.000081,1.000081,1.000081,1.000080,1.000080,1.000079,1.000079,1.000078,1.000078,1.000077,1.000077,1.000076,1.000076,1.000075,1.000075,1.000074,1.000073,1.000073,1.000072,1.000071
1.000000,1.000002,1.000150,1.000352,1.000560,1.000616,1.000528,1.000463,1.000412,1.000371,1.000338,1.000311,1.000288,1.000269,1.000252,1.000237,1.000224,1.000213,1.000203,1.000195,1.000187,1.000180,1.000173,1.000167,1.000162,1.000158,1.000153,1.000149,1.000146,1.000142,1.000139,1.000137,1.000134,1.000132,1.000130,1.000128,1.000126,1.000124,1.000123,1.000121,1.000120,1.000118,1.000117,1.000116,1.000115,1.000114,1.000113,1.000113,1.000112,1.000111,1.000110,1.000110,1.000109,1.000109,1.000108,1.000108,1.000107,1.000107,1.000106,1.000106,1.000105,1.000105,1.000104,1.000104,1.000104,1.000103,1.000103,1.000103,1.000102,1.000102,1.000101,1.000101,1.000101,1.000100,1.000100,1.000099,1.000099,1.000098,1.000098,1.000097,1.000097,1.000096,1.000096,1.000095,1.000095,1.000094,1.000094,1.000093,1.000093,1.000092,1.000091,1.000091,1.000090,1.000089,1.000089,1.000088,1.000087,1.000086,1.000085,1.000085
1.000000,1.000002,1.000150,1.000352,1.000560,1.000780,1.000669,1.000585,1.000521,1.000470,1.000428,1.000393,1.000364,1.000339,1.000318,1.000299,1.000283,1.000269,1.000256,1.000245,1.000235,1.000226,1.000217,1.000210,1.000203,1.000197,1.000191,1.000186,1.000182,1.000177,1.000173,1.000170,1.000166,1.000163,1.000160,1.000158,1.000155,1.000153,1.000151,1.000149,1.000147,1.000145,1.000144,1.000142,1.000141,1.000139,1.000138,1.000137,1.000136,1.000135,1.000134,1.000133,1.000132,1.000131,1.000130,1.000129,1.000129,1.000128,1.000127,1.000127,1.000126,1.000125,1.000125,1.000124,1.000124,1.000123,1.000122,1.000122,1.000121,1.000121,1.000120,1.000120,1.000119,1.000118,1.000118,1.000117,1.000117,1.000116,1.000115,1.000115,1.000114,1.000114,1.000113,1.000112,1.000112,1.000111,1.000110,1.000109,1.000109,1.000108,1.000107,1.000106,1.000105,1.000105,1.000104,1.000103,1.000102,1.000101,1.000100,1.000099
1.000000,1.000002,1.000150,1.000352,1.000560,1.000780,1.000834,1.000730,1.000650,1.000586,1.000533,1.000490,1.000453,1.000422,1.000395,1.000372,1.000351,1.000333,1.000317,1.000303,1.000290,1.000279,1.000269,1.000259,1.000251,1.000243,1.000236,1.000229,1.000223,1.000218,1.000212,1.000208,1.000203,1.000199,1.000196,1.000192,1.000189,1.000186,1.000183,1.000180,1.000178,1.000176,1.000174,1.000172,1.000170,1.000168,1.000166,1.000165,1.000163,1.000162,1.000160,1.000159,1.000158,1.000157,1.000155,1.000154,1.000153,1.000152,1.000151,1.000150,1.000150,1.000149,1.000148,1.000147,1.000146,1.000145,1.000145,1.000144,1.000143,1.000142,1.000142,1.000141,1.000140,1.000139,1.000139,1.000138,1.000137,1.000136,1.000136,1.000135,1.000134,1.000133,1.000132,1.000131,1.000131,1.000130,1.000129,1.000128,1.000127,1.000126,1.000125,1.000124,1.000123,1.000122,1.000121,1.000120,1.000119,1.000118,1.000117,1.000116
1.000000,1.000002,1.000150,1.000352,1.000560,1.000780,1.001013,1.000887,1.000789,1.000711,1.000647,1.000595,1.000550,1.000512,1.000479,1.000451,1.000426,1.000404,1.000384,1.000367,1.000351,1.000337,1.000325,1.000313,1.000302,1.000293,1.000284,1.000276,1.000269,1.000262,1.000255,1.000249,1.000244,1.000239,1.000234,1.000230,1.000226,1.000222,1.000219,1.000215,1.000212,1.000209,1.000206,1.000204,1.000201,1.000199,1.000197,1.000195,1.000193,1.000191,1.000189,1.000188,1.000186,1.000185,1.000183,1.000182,1.000180,1.000179,1.000178,1.000177,1.000175,1.000174,1.000173,1.000172,1.000171,1.000170,1.000169,1.000168,1.000167,1.000166,1.000165,1.000164,1.000163,1.000162,1.000161,1.000160,1.000159,1.000158,1.000157,1.000156,1.000155,1.000154,1.000153,1.000152,1.000151,1.000150,1.000149,1.000148,1.000147,1.000146,1.000145,1.000144,1.000143,1.000141,1.000140,1.000139,1.000138,1.000136,1.000135,1.000134
1.000000,1.000002,1.000150,1.000352,1.000560,1.000780,1.001013,1.001068,1.000950,1.000856,1.000779,1.000715,1.000661,1.000616,1.000576,1.000542,1.000511,1.000485,1.000461,1.000440,1.000421,1.000404,1.000388,1.000374,1.000362,1.000350,1.000339,1.000329,1.000320,1.000312,1.000304,1.000297,1.000290,1.000284,1.000278,1.000273,1.000268,1.000263,1.000259,1.000255,1.000251,1.000247,1.000244,1.000240,1.000237,1.000234,1.000232,1.000229,1.000227,1.000224,1.000222,1.000220,1.000218,1.000216,1.000214,1.000212,1.000211,1.000209,1.000207,1.000206,1.000204,1.000203,1.000202,1.000200,1.000199,1.000198,1.000196,1.000195,1.000194,1.000193,1.000191,1.000190,1.000189,1.000188,1.000187,1.000185,1.000184,1.000183,1.000182,1.000181,1.000180,1.000178,1.000177,1.000176,1.000175,1.000173,1.000172,1.000171,1.000170,1.000168,1.000167,1.000166,1.000164,1.000163,1.000162,1.000160,1.000159,1.000157,1.000156,1.000154
1.000000,1.000002,1.000150,1.000352,1.000560,1.000780,1.001013,1.001068,1.001133,1.001021,1.000929,1.000853,1.000788,1.000733,1.000686,1.000645,1.000609,1.000577,1.000548,1.000523,1.000500,1.000480,1.000461,1.000444,1.000428,1.000414,1.000401,1.000389,1.000378,1.000368,1.000359,1.000350,1.000342,1.000335,1.000328,1.000321,1.000315,1.000309,1.000304,1.000299,1.000294,1.000290,1.000285,1.000281,1.000278,1.000274,1.000271,1.000267,1.000264,1.000262,1.000259,1.000256,1.000254,1.000251,1.000249,1.000247,1.000245,1.000243,1.000241,1.000239,1.000237,1.000235,1.000233,1.000232,1.000230,1.000228,1.000227,1.000225,1.000224,1.000222,1.000221,1.000219,1.000218,1.000216,1.000215,1.000213,1.000212,1.000211,1.000209,1.000208,1.000206,1.000205,1.000203,1.000202,1.000201,1.000199,1.000198,1.000196,1.000195,1.000193,1.000192,1.000190,1.000188,1.000187,1.000185,1.000184,1.000182,1.000180,1.000179,1.000177
1.000000,1.000002,1.000150,1.000352,1.000560,1.000780,1.001013,1.001068,1.001328,1.001196,1.001088,1.000999,1.000923,1.000859,1.000803,1.000755,1.000713,1.000675,1.000642,1.000612,1.000585,1.000561,1.000539,1.000519,1.000500,1.000484,1.000468,1.000454,1.000441,1.000429,1.000418,1.000408,1.000398,1.000389,1.000381,1.000373,1.000366,1.000359,1.000352,1.000346,1.000341,1.000335,1.000330,1.000326,1.000321,1.000317,1.000313,1.000309,1.000305,1.000302,1.000298,1.000295,1.000292,1.000289,1.000286,1.000284,1.000281,1.000279,1.000276,1.000274,1.000272,1.000269,1.000267,1.000265,1.000263,1.000261,1.000259,1.000258,1.000256,1.000254,1.000252,1.000250,1.000249,1.000247,1.000245,1.000243,1.000242,1.000240,1.000238,1.000237,1.000235,1.000233,1.000232,1.000230,1.000228,1.000226,1.000225,1.000223,1.000221,1.000220,1.000218,1.000216,1.000214,1.000212,1.000210,1.000209,1.000207,1.000205,1.000203,1.000201
1.000000,1.000002,1.000150,1.000352,1.000560,1.000780,1.001013,1.001068,1.001328,1.001394,1.001269,1.001164,1.001076,1.001001,1.000936,1.000879,1.000829,1.000785,1.000746,1.000711,1.000680,1.000651,1.000626,1.000602,1.000581,1.000561,1.000543,1.000527,1.000511,1.000497,1.000484,1.000472,1.000460,1.000450,1.000440,1.000431,1.000422,1.000414,1.000406,1.000399,1.000392,1.000386,1.000380,1.000374,1.000369,1.000364,1.000359,1.000354,1.000350,1.000346,1.000342,1.000338,1.000334,1.000331,1.000328,1.000324,1.000321,1.000318,1.000315,1.000313,1.000310,1.000307,1.000305,1.000302,1.000300,1.000298,1.000295,1.000293,1.000291,1.000289,1.000287,1.000285,1.000283,1.000280,1.000278,1.000276,1.000274,1.000272,1.000271,1.000269,1.000267,1.000265,1.000263,1.000261,1.000259,1.000257,1.000255,1.000253,1.000251,1.000249,1.000247,1.000245,1.000243,1.000241,1.000238,1.000236,1.000234,1.000232,1.000230,1.000228
1.000000,1.000002,1.000150,1.000352,1.000560,1.000780,1.001013,1.001068,1.001328,1.001604,1.001459,1.001339,1.001237,1.001151,1.001076,1.001010,1.000953,1.000902,1.000857,1.000817,1.000781,1.000748,1.000718,1.000691,1.000666,1.000644,1.000623,1.000604,1.000586,1.000569,1.000554,1.000540,1.000527,1.000515,1.000503,1.000492,1.000482,1.000473,1.000464,1.000456,1.000448,1.000440,1.000433,1.000427,1.000420,1.000414,1.000409,1.000403,1.000398,1.000393,1.000389,1.000384,1.000380,1.000376,1.000372,1.000368,1.000364,1.000361,1.000357,1.000354,1.000351,1.000348,1.000345,1.000342,1.000339,1.000336,1.000334,1.000331,1.000329,1.000326,1.000324,1.000321,1.000319,1.000316,1.000314,1.000312,1.000309,1.000307,1.000305,1.000302,1.000300,1.000298,1.000296,1.000293,1.000291,1.000289,1.000287,1.000284,1.000282,1.000280,1.000277,1.000275,1.000273,1.000270,1.000268,1.000266,1.000263,1.000261,1.000258,1.000256
1.000000,1.000002,1.000150,1.000352,1.000560,1.000780,1.001013,1.001068,1.001328,1.001604,1.001672,1.001534,1.001417,1.001318,1.001232,1.001157,1.001091,1.001033,1.000981,1.000934,1.000893,1.000855,1.000821,1.000789,1.000761,1.000735,1.000711,1.000689,1.000668,1.000649,1.000632,1.000615,1.000600,1.000586,1.000573,1.000560,1.000549,1.000538,1.000527,1.000518,1.000508,1.000500,1.000492,1.000484,1.000477,1.000470,1.000463,1.000457,1.000451,1.000445,1.000440,1.000434,1.000429,1.000425,1.000420,1.000416,1.000411,1.000407,1.000403,1.000400,1.000396,1.000392,1.000389,1.000385,1.000382,1.000379,1.000376,1.000373,1.000370,1.000367,1.000364,1.000361,1.000358,1.000356,1.000353,1.000350,1.000347,1.000345,1.000342,1.000340,1.000337,1.000334,1.000332,1.000329,1.000327,1.000324,1.000321,1.000319,1.000316,1.000314,1.000311,1.000308,1.000306,1.000303,1.000300,1.000298,1.000295,1.000292,1.000289,1.000287
1.000000,1.000002,1.000150,1.000352,1.000560,1.000780,1.001013,1.001068,1.001328,1.001604,1.001896,1.001739,1.001607,1.001494,1.001396,1.001311,1.001236,1.001170,1.001111,1.001058,1.001011,1.000968,1.000929,1.000894,1.000861,1.000831,1.000804,1.000779,1.000755,1.000734,1.000714,1.000695,1.000678,1.000662,1.000646,1.000632,1.000619,1.000606,1.000595,1.000583,1.000573,1.000563,1.000554,1.000545,1.000536,1.000528,1.000521,1.000514,1.000507,1.000500,1.000494,1.000488,1.000482,1.000477,1.000471,1.000466,1.000461,1.000457,1.000452,1.000448,1.000443,1.000439,1.000435,1.000431,1.000428,1.000424,1.000420,1.000417,1.000413,1.000410,1.000407,1.000403,1.000400,1.000397,1.000394,1.000391,1.000388,1.000385,1.000382,1.000379,1.000376,1.000373,1.000370,1.000367,1.000364,1.000361,1.000358,1.000355,1.000352,1.000349,1.000347,1.000344,1.000341,1.000338,1.000335,1.000332,1.000328,1.000325,1.000322,1.000319
1.000000,1.000002,1.000150,1.000352,1.000560,1.000780,1.001013,1.001068,1.001328,1.001604,1.001896,1.001966,1.001817,1.001689,1.001578,1.001482,1.001397,1.001322,1.001255,1.001195,1.001141,1.001093,1.001048,1.001008,1.000971,1.000937,1.000906,1.000878,1.000851,1.000827,1.000804,1.000783,1.000763,1.000744,1.000727,1.000711,1.000696,1.000681,1.000668,1.000655,1.000643,1.000632,1.000621,1.000611,1.000602,1.000592,1.000584,1.000575,1.000568,1.000560,1.000553,1.000546,1.000539,1.000533,1.000527,1.000521,1.000516,1.000510,1.000505,1.000500,1.000495,1.000490,1.000486,1.000481,1.000477,1.000473,1.000469,1.000465,1.000461,1.000457,1.000453,1.000449,1.000446,1.000442,1.000439,1.000435,1.000432,1.000428,1.000425,1.000421,1.000418,1.000415,1.000411,1.000408,1.000405,1.000402,1.000398,1.000395,1.000392,1.000388,1.000385,1.000382,1.000378,1.000375,1.000372,1.000368,1.000365,1.000361,1.000358,1.000355
1.000000,1.000002,1.000150,1.000352,1.000560,1.000780,1.001013,1.001068,1.001328,1.001604,1.001896,1.001966,1.002047,1.001903,1.001778,1.001669,1.001573,1.001488,1.001413,1.001345,1.001284,1.001229,1.001179,1.001134,1.001092,1.001054,1.001019,1.000986,1.000956,1.000928,1.000902,1.000878,1.000856,1.000835,1.000815,1.000797,1.000780,1.000763,1.000748,1.000734,1.000720,1.000707,1.000695,1.000683,1.000672,1.000662,1.000652,1.000643,1.000634,1.000625,1.000617,1.000609,1.000602,1.000594,1.000588,1.000581,1.000574,1.000568,1.000562,1.000557,1.000551,1.000546,1.000540,1.000535,1.000530,1.000526,1.000521,1.000516,1.000512,1.000507,1.000503,1.000499,1.000495,1.000491,1.000487,1.000483,1.000479,1.000475,1.000471,1.000467,1.000464,1.000460,1.000456,1.000452,1.000449,1.000445,1.000441,1.000438,1.000434,1.000430,1.000427,1.000423,1.000419,1.000416,1.000412,1.000408,1.000404,1.000400,1.000397,1.000393
1.000000,1.000002,1.000150,1.000352,1.000560,1.000780,1.001013,1.001068,1.001328,1.001604,1.001896,1.001966,1.002288,1.002126,1.001987,1.001865,1.001758,1.001663,1.001578,1.001502,1.001434,1.001373,1.001317,1.001265,1.001219,1.001176,1.001136,1.001100,1.001066,1.001035,1.001006,1.000979,1.000954,1.000930,1.000908,1.000887,1.000868,1.000850,1.000832,1.000816,1.000801,1.000786,1.000773,1.000760,1.000747,1.000736,1.000724,1.000714,1.000704,1.000694,1.000685,1.000676,1.000667,1.000659,1.000651,1.000644,1.000637,1.000630,1.000623,1.000616,1.000610,1.000604,1.000598,1.000592,1.000587,1.000581,1.000576,1.000571,1.000566,1.000561,1.000556,1.000551,1.000547,1.000542,1.000537,1.000533,1.000529,1.000524,1.000520,1.000516,1.000512,1.000507,1.000503,1.000499,1.000495,1.000491,1.000487,1.000483,1.000479,1.000474,1.000470,1.000466,1.000462,1.000458,1.000454,1.000450,1.000445,1.000441,1.000437,1.000433
1.000000,1.000002,1.000150,1.000352,1.000560,1.000780,1.001013,1.001068,1.001328,1.001604,1.001896,1.001966,1.002288,1.002372,1.002215,1.002079,1.001960,1.001853,1.001759,1.001674,1.001598,1.001529,1.001466,1.001409,1.001357,1.001309,1.001265,1.001224,1.001186,1.001151,1.001118,1.001088,1.001060,1.001033,1.001009,1.000985,1.000964,1.000943,1.000924,1.000906,1.000888,1.000872,1.000857,1.000842,1.000828,1.000815,1.000802,1.000790,1.000779,1.000768,1.000758,1.000748,1.000738,1.000729,1.000720,1.000712,1.000703,1.000696,1.000688,1.000681,1.000674,1.000667,1.000660,1.000654,1.000647,1.000641,1.000635,1.000630,1.000624,1.000618,1.000613,1.000608,1.000602,1.000597,1.000592,1.000587,1.000582,1.000577,1.000573,1.000568,1.000563,1.000558,1.000554,1.000549,1.000545,1.000540,1.000535,1.000531,1.000526,1.000522,1.000517,1.000513,1.000508,1.000504,1.000499,1.000495,1.000490,1.000485,1.000481,1.000476
1.000000,1.000002,1.000150,1.000352,1.000560,1.000780,1.001013,1.001068,1.001328,1.001604,1.001896,1.001966,1.002288,1.002627,1.002454,1.002303,1.002170,1.002052,1.001947,1.001853,1.001769,1.001692,1.001623,1.001559,1.001501,1.001448,1.001399,1.001353,1.001311,1.001272,1.001236,1.001203,1.001171,1.001142,1.001114,1.001088,1.001064,1.001041,1.001020,1.000999,1.000980,1.000962,1.000945,1.000928,1.000913,1.000898,1.000884,1.000871,1.000858,1.000846,1.000834,1.000823,1.000812,1.000802,1.000792,1.000783,1.000774,1.000765,1.000756,1.000748,1.000740,1.000733,1.000725,1.000718,1.000711,1.000704,1.000698,1.000691,1.000685,1.000678,1.000672,1.000667,1.000661,1.000655,1.000649,1.000644,1.000638,1.000633,1.000628,1.000622,1.000617,1.000612,1.000607,1.000602,1.000597,1.000592,1.000587,1.000581,1.000576,1.000571,1.000566,1.000561,1.000556,1.000551,1.000546,1.000541,1.000536,1.000531,1.000526,1.000521
1.000000,1.000002,1.000150,1.000352,1.000560,1.000780,1.001013,1.001068,1.001328,1.001604,1.001896,1.001966,1.002288,1.002627,1.002713,1.002546,1.002399,1.002269,1.002152,1.002048,1.001954,1.001870,1.001792,1.001722,1.001658,1.001598,1.001544,1.001494,1.001447,1.001404,1.001364,1.001326,1.001291,1.001259,1.001228,1.001199,1.001172,1.001147,1.001123,1.001100,1.001079,1.001059,1.001040,1.001021,1.001004,1.000988,1.000972,1.000957,1.000943,1.000929,1.000917,1.000904,1.000892,1.000881,1.000870,1.000859,1.000849,1.000839,1.000830,1.000821,1.000812,1.000803,1.000795,1.000787,1.000779,1.000772,1.000764,1.000757,1.000750,1.000743,1.000736,1.000730,1.000723,1.000717,1.000711,1.000705,1.000698,1.000693,1.000687,1.000681,1.000675,1.000669,1.000664,1.000658,1.000652,1.000647,1.000641,1.000636,1.000630,1.000625,1.000619,1.000614,1.000608,1.000603,1.000597,1.000592,1.000586,1.000581,1.000575,1.000569
1.000000,1.000002,1.000150,1.000352,1.000560,1.000780,1.001013,1.001068,1.001328,1.001604,1.001896,1.001966,1.002288,1.002627,1.002983,1.002799,1.002637,1.002493,1.002365,1.002251,1.002148,1.002054,1.001969,1.001891,1.001821,1.001755,1.001695,1.001640,1.001589,1.001541,1.001497,1.001455,1.001417,1.001381,1.001347,1.001315,1.001285,1.001257,1.001231,1.001206,1.001182,1.001160,1.001139,1.001119,1.001100,1.001081,1.001064,1.001048,1.001032,1.001017,1.001003,1.000989,1.000976,1.000963,1.000951,1.000939,1.000928,1.000917,1.000907,1.000896,1.000887,1.000877,1.000868,1.000859,1.000851,1.000842,1.000834,1.000826,1.000818,1.000811,1.000803,1.000796,1.000789,1.000782,1.000775,1.000768,1.000761,1.000755,1.000748,1.000742,1.000735,1.000729,1.000723,1.000717,1.000711,1.000704,1.000698,1.000692,1.000686,1.000680,1.000674,1.000668,1.000662,1.000656,1.000650,1.000644,1.000638,1.000632,1.000626,1.000620
1.000000,1.000002,1.000150,1.000352,1.000560,1.000780,1.001013,1.001068,1.001328,1.001604,1.001896,1.001966,1.002288,1.002627,1.002983,1.003073,1.002895,1.002737,1.002596,1.002470,1.002357,1.002254,1.002160,1.002075,1.001997,1.001925,1.001859,1.001798,1.001741,1.001689,1.001640,1.001594,1.001552,1.001512,1.001475,1.001440,1.001407,1.001376,1.001347,1.001319,1.001293,1.001269,1.001245,1.001223,1.001202,1.001182,1.001163,1.001145,1.001127,1.001111,1.001095,1.001080,1.001065,1.001051,1.001038,1.001025,1.001012,1.001000,1.000989,1.000978,1.000967,1.000956,1.000946,1.000936,1.000927,1.000918,1.000908,1.000900,1.000891,1.000883,1.000874,1.000866,1.000859,1.000851,1.000843,1.000836,1.000828,1.000821,1.000814,1.000807,1.000800,1.000793,1.000786,1.000779,1.000773,1.000766,1.000759,1.000753,1.000746,1.000740,1.000733,1.000726,1.000720,1.000713,1.000707,1.000700,1.000694,1.000687,1.000680,1.000674
1.000000,1.000002,1.000150,1.000352,1.000560,1.000780,1.001013,1.001068,1.001328,1.001604,1.001896,1.001966,1.002288,1.002627,1.002983,1.003073,1.003174,1.003000,1.002846,1.002707,1.002582,1.002469,1.002366,1.002273,1.002187,1.002108,1.002035,1.001968,1.001906,1.001848,1.001794,1.001744,1.001697,1.001654,1.001613,1.001574,1.001538,1.001504,1.001472,1.001441,1.001413,1.001385,1.001360,1.001335,1.001312,1.001290,1.001269,1.001249,1.001230,1.001211,1.001194,1.001177,1.001161,1.001145,1.001131,1.001116,1.001103,1.001089,1.001077,1.001064,1.001052,1.001041,1.001030,1.001019,1.001008,1.000998,1.000988,1.000978,1.000969,1.000960,1.000951,1.000942,1.000933,1.000925,1.000916,1.000908,1.000900,1.000892,1.000884,1.000877,1.000869,1.000861,1.000854,1.000846,1.000839,1.000832,1.000824,1.000817,1.000810,1.000803,1.000796,1.000789,1.000781,1.000774,1.000767,1.000760,1.000753,1.000746,1.000738,1.000731
1.000000,1.000002,1.000150,1.000352,1.000560,1.000780,1.001013,1.001068,1.001328,1.001604,1.001896,1.001966,1.002288,1.002627,1.002983,1.003073,1.003462,1.003272,1.003104,1.002952,1.002816,1.002692,1.002580,1.002478,1.002384,1.002297,1.002218,1.002144,1.002076,1.002013,1.001954,1.001900,1.001849,1.001801,1.001756,1.001714,1.001674,1.001637,1.001601,1.001568,1.001537,1.001507,1.001479,1.001452,1.001426,1.001402,1.001379,1.001357,1.001336,1.001316,1.001297,1.001278,1.001261,1.001244,1.001227,1.001212,1.001197,1.001182,1.001168,1.001155,1.001142,1.001129,1.001117,1.001105,1.001093,1.001082,1.001071,1.001060,1.001050,1.001040,1.001030,1.001020,1.001011,1.001001,1.000992,1.000983,1.000975,1.000966,1.000957,1.000949,1.000940,1.000932,1.000924,1.000916,1.000908,1.000900,1.000892,1.000884,1.000876,1.000868,1.000861,1.000853,1.000845,1.000837,1.000830,1.000822,1.000814,1.000806,1.000799,1.000791
1.000000,1.000002,1.000150,1.000352,1.000560,1.000780,1.001013,1.001068,1.001328,1.001604,1.001896,1.001966,1.002288,1.002627,1.002983,1.003073,1.003462,1.003566,1.003382,1.003217,1.003068,1.002933,1.002810,1.002698,1.002596,1.002501,1.002414,1.002334,1.002260,1.002191,1.002126,1.002067,1.002011,1.001958,1.001909,1.001863,1.001820,1.001779,1.001740,1.001704,1.001669,1.001637,1.001606,1.001576,1.001548,1.001522,1.001497,1.001473,1.001449,1.001427,1.001406,1.001386,1.001367,1.001348,1.001331,1.001313,1.001297,1.001281,1.001266,1.001251,1.001236,1.001223,1.001209,1.001196,1.001184,1.001171,1.001159,1.001148,1.001136,1.001125,1.001114,1.001104,1.001093,1.001083,1.001073,1.001063,1.001054,1.001044,1.001035,1.001026,1.001017,1.001008,1.000999,1.000990,1.000981,1.000973,1.000964,1.000955,1.000947,1.000938,1.000930,1.000922,1.000913,1.000905,1.000896,1.000888,1.000880,1.000871,1.000863,1.000854
1.000000,1.000002,1.000150,1.000352,1.000560,1.000780,1.001013,1.001068,1.001328,1.001604,1.001896,1.001966,1.002288,1.002627,1.002983,1.003073,1.003462,1.003566,1.003681,1.003501,1.003338,1.003191,1.003057,1.002935,1.002823,1.002720,1.002625,1.002538,1.002456,1.002381,1.002311,1.002245,1.002184,1.002127,1.002073,1.002023,1.001976,1.001931,1.001889,1.001849,1.001811,1.001776,1.001742,1.001710,1.001679,1.001650,1.001622,1.001596,1.001571,1.001547,1.001524,1.001502,1.001480,1.001460,1.001441,1.001422,1.001404,1.001386,1.001370,1.001353,1.001338,1.001322,1.001308,1.001294,1.001280,1.001266,1.001253,1.001240,1.001228,1.001216,1.001204,1.001193,1.001181,1.001170,1.001159,1.001149,1.001138,1.001128,1.001118,1.001108,1.001098,1.001088,1.001078,1.001069,1.001059,1.001050,1.001040,1.001031,1.001022,1.001013,1.001003,1.000994,1.000985,1.000976,1.000967,1.000958,1.000949,1.000940,1.000931,1.000922
1.000000,1.000002,1.000150,1.000352,1.000560,1.000780,1.001013,1.001068,1.001328,1.001604,1.001896,1.001966,1.002288,1.002627,1.002983,1.003073,1.003462,1.003566,1.003989,1.003793,1.003617,1.003457,1.003312,1.003179,1.003058,1.002946,1.002843,1.002748,1.002660,1.002578,1.002501,1.002430,1.002364,1.002302,1.002243,1.002189,1.002137,1.002088,1.002043,1.001999,1.001958,1.001919,1.001883,1.001848,1.001814,1.001783,1.001753,1.001724,1.001697,1.001670,1.001645,1.001621,1.001598,1.001576,1.001555,1.001534,1.001515,1.001496,1.001477,1.001460,1.001443,1.001426,1.001410,1.001395,1.001379,1.001365,1.001351,1.001337,1.001323,1.001310,1.001297,1.001285,1.001272,1.001260,1.001248,1.001237,1.001225,1.001214,1.001203,1.001192,1.001181,1.001171,1.001160,1.001150,1.001140,1.001130,1.001119,1.001109,1.001099,1.001089,1.001080,1.001070,1.001060,1.001050,1.001040,1.001031,1.001021,1.001011,1.001001,1.000991
1.000000,1.000002,1.000150,1.000352,1.000560,1.000780,1.001013,1.001068,1.001328,1.001604,1.001896,1.001966,1.002288,1.002627,1.002983,1.003073,1.003462,1.003566,1.003989,1.004108,1.003916,1.003743,1.003585,1.003441,1.003309,1.003188,1.003076,1.002973,1.002877,1.002788,1.002705,1.002628,1.002556,1.002488,1.002425,1.002365,1.002309,1.002257,1.002207,1.002160,1.002115,1.002073,1.002033,1.001995,1.001959,1.001924,1.001891,1.001860,1.001830,1.001802,1.001774,1.001748,1.001723,1.001699,1.001676,1.001654,1.001632,1.001612,1.001592,1.001573,1.001554,1.001536,1.001519,1.001502,1.001485,1.001469,1.001454,1.001439,1.001424,1.001410,1.001396,1.001382,1.001369,1.001356,1.001343,1.001330,1.001318,1.001306,1.001294,1.001282,1.001270,1.001259,1.001248,1.001236,1.001225,1.001214,1.001203,1.001192,1.001182,1.001171,1.001160,1.001150,1.001139,1.001129,1.001118,1.001107,1.001097,1.001086,1.001076,1.001065
1.000000,1.000002,1.000150,1.000352,1.000560,1.000780,1.001013,1.001068,1.001328,1.001604,1.001896,1.001966,1.002288,1.002627,1.002983,1.003073,1.003462,1.003566,1.003989,1.004431,1.004224,1.004037,1.003867,1.003711,1.003568,1.003437,1.003317,1.003205,1.003101,1.003005,1.002916,1.002832,1.002754,1.002681,1.002612,1.002548,1.002487,1.002430,1.002376,1.002325,1.002277,1.002231,1.002188,1.002147,1.002108,1.002071,1.002035,1.002001,1.001969,1.001938,1.001908,1.001880,1.001853,1.001827,1.001802,1.001777,1.001754,1.001732,1.001710,1.001689,1.001669,1.001650,1.001631,1.001613,1.001595,1.001578,1.001561,1.001545,1.001529,1.001513,1.001498,1.001483,1.001469,1.001455,1.001441,1.001427,1.001414,1.001401,1.001388,1.001375,1.001362,1.001350,1.001338,1.001326,1.001314,1.001302,1.001290,1.001278,1.001267,1.001255,1.001244,1.001232,1.001221,1.001210,1.001198,1.001187,1.001176,1.001164,1.001153,1.001142
1.000000,1.000002,1.000150,1.000352,1.000560,1.000780,1.001013,1.001068,1.001328,1.001604,1.001896,1.001966,1.002288,1.002627,1.002983,1.003073,1.003462,1.003566,1.003989,1.004431,1.004554,1.004352,1.004168,1.004000,1.003846,1.003704,1.003573,1.003453,1.003341,1.003237,1.003140,1.003050,1.002965,1.002886,1.002812,1.002743,1.002677,1.002615,1.002557,1.002502,1.002450,1.002400,1.002353,1.002309,1.002266,1.002226,1.002187,1.002151,1.002116,1.002082,1.002050,1.002020,1.001990,1.001962,1.001935,1.001909,1.001883,1.001859,1.001836,1.001813,1.001792,1.001770,1.001750,1.001730,1.001711,1.001692,1.001674,1.001657,1.001639,1.001623,1.001606,1.001590,1.001575,1.001559,1.001544,1.001530,1.001515,1.001501,1.001487,1.001473,1.001460,1.001446,1.001433,1.001420,1.001407,1.001395,1.001382,1.001369,1.001357,1.001344,1.001332,1.001320,1.001308,1.001295,1.001283,1.001271,1.001259,1.001247,1.001235,1.001223
1.000000,1.000002,1.000150,1.000352,1.000560,1.000780,1.001013,1.001068,1.001328,1.001604,1.001896,1.001966,1.002288,1.002627,1.002983,1.003073,1.003462,1.003566,1.003989,1.004431,1.004554,1.004688,1.004489,1.004308,1.004141,1.003988,1.003847,1.003717,1.003596,1.003484,1.003379,1.003282,1.003191,1.003105,1.003025,1.002950,1.002879,1.002812,1.002749,1.002689,1.002633,1.002579,1.002529,1.002480,1.002435,1.002391,1.002349,1.002310,1.002272,1.002236,1.002201,1.002168,1.002136,1.002105,1.002076,1.002048,1.002021,1.001994,1.001969,1.001945,1.001921,1.001898,1.001876,1.001855,1.001834,1.001814,1.001794,1.001775,1.001757,1.001739,1.001721,1.001704,1.001687,1.001670,1.001654,1.001638,1.001623,1.001607,1.001592,1.001577,1.001563,1.001548,1.001534,1.001520,1.001506,1.001493,1.001479,1.001465,1.001452,1.001439,1.001425,1.001412,1.001399,1.001386,1.001373,1.001360,1.001347,1.001334,1.001321,1.001308
1.000000,1.000002,1.000150,1.000352,1.000560,1.000780,1.001013,1.001068,1.001328,1.001604,1.001896,1.001966,1.002288,1.002627,1.002983,1.003073,1.003462,1.003566,1.003989,1.004431,1.004554,1.005033,1.004819,1.004624,1.004445,1.004281,1.004129,1.003989,1.003859,1.003738,1.003626,1.003521,1.003422,1.003330,1.003244,1.003163,1.003087,1.003015,1.002947,1.002883,1.002822,1.002764,1.002710,1.002658,1.002608,1.002561,1.002517,1.002474,1.002433,1.002394,1.002357,1.002321,1.002287,1.002254,1.002222,1.002191,1.002162,1.002134,1.002107,1.002080,1.002055,1.002030,1.002007,1.001983,1.001961,1.001939,1.001918,1.001898,1.001878,1.001858,1.001839,1.001821,1.001802,1.001785,1.001767,1.001750,1.001733,1.001717,1.001701,1.001685,1.001669,1.001654,1.001638,1.001623,1.001608,1.001594,1.001579,1.001565,1.001550,1.001536,1.001522,1.001508,1.001494,1.001480,1.001466,1.001452,1.001438,1.001424,1.001410,1.001397
1.000000,1.000002,1.000150,1.000352,1.000560,1.000780,1.001013,1.001068,1.001328,1.001604,1.001896,1.001966,1.002288,1.002627,1.002983,1.003073,1.003462,1.003566,1.003989,1.004431,1.004554,1.005033,1.005171,1.004962,1.004769,1.004592,1.004429,1.004278,1.004139,1.004009,1.003888,1.003775,1.003669,1.003570,1.003477,1.003390,1.003308,1.003230,1.003157,1.003088,1.003023,1.002961,1.002902,1.002846,1.002793,1.002742,1.002694,1.002648,1.002604,1.002562,1.002521,1.002483,1.002446,1.002410,1.002376,1.002343,1.002312,1.002281,1.002252,1.002224,1.002196,1.002170,1.002144,1.002119,1.002095,1.002072,1.002049,1.002027,1.002006,1.001985,1.001964,1.001944,1.001925,1.001905,1.001887,1.001868,1.001850,1.001833,1.001815,1.001798,1.001781,1.001765,1.001748,1.001732,1.001716,1.001700,1.001685,1.001669,1.001654,1.001639,1.001623,1.001608,1.001593,1.001578,1.001564,1.001549,1.001534,1.001519,1.001504,1.001490
1.000000,1.000002,1.000150,1.000352,1.000560,1.000780,1.001013,1.001068,1.001328,1.001604,1.001896,1.001966,1.002288,1.002627,1.002983,1.003073,1.003462,1.003566,1.003989,1.004431,1.004554,1.005033,1.005171,1.005321,1.005114,1.004924,1.004749,1.004586,1.004436,1.004296,1.004166,1.004045,1.003931,1.003825,1.003725,1.003631,1.003542,1.003459,1.003380,1.003306,1.003236,1.003169,1.003105,1.003045,1.002988,1.002933,1.002881,1.002832,1.002785,1.002739,1.002696,1.002654,1.002615,1.002576,1.002540,1.002504,1.002470,1.002437,1.002406,1.002375,1.002346,1.002317,1.002290,1.002263,1.002237,1.002212,1.002187,1.002164,1.002141,1.002118,1.002096,1.002074,1.002053,1.002033,1.002013,1.001993,1.001974,1.001955,1.001936,1.001918,1.001900,1.001882,1.001864,1.001847,1.001830,1.001813,1.001796,1.001780,1.001763,1.001747,1.001731,1.001715,1.001698,1.001683,1.001667,1.001651,1.001635,1.001619,1.001604,1.001588
1.000000,1.000002,1.000150,1.000352,1.000560,1.000780,1.001013,1.001068,1.001328,1.001604,1.001896,1.001966,1.002288,1.002627,1.002983,1.003073,1.003462,1.003566,1.003989,1.004431,1.004554,1.005033,1.005171,1.005689,1.005467,1.005264,1.005076,1.004902,1.004741,1.004591,1.004452,1.004322,1.004200,1.004086,1.003979,1.003878,1.003783,1.003694,1.003610,1.003530,1.003454,1.003383,1.003315,1.003250,1.003189,1.003131,1.003075,1.003022,1.002971,1.002922,1.002876,1.002831,1.002788,1.002747,1.002708,1.002670,1.002634,1.002598,1.002564,1.002532,1.002500,1.002469,1.002440,1.002411,1.002383,1.002356,1.002330,1.002305,1.002280,1.002256,1.002232,1.002209,1.002186,1.002164,1.002143,1.002122,1.002101,1.002081,1.002061,1.002041,1.002022,1.002003,1.001984,1.001965,1.001947,1.001929,1.001911,1.001893,1.001876,1.001858,1.001841,1.001824,1.001807,1.001790,1.001773,1.001756,1.001739,1.001722,1.001706,1.001689
1.000000,1.000002,1.000150,1.000352,1.000560,1.000780,1.001013,1.001068,1.001328,1.001604,1.001896,1.001966,1.002288,1.002627,1.002983,1.003073,1.003462,1.003566,1.003989,1.004431,1.004554,1.005033,1.005171,1.005689,1.005843,1.005625,1.005424,1.005238,1.005065,1.004905,1.004756,1.004616,1.004486,1.004363,1.004249,1.004141,1.004039,1.003943,1.003853,1.003767,1.003686,1.003610,1.003537,1.003468,1.003402,1.003339,1.003279,1.003222,1.003168,1.003115,1.003066,1.003018,1.002972,1.002928,1.002886,1.002845,1.002806,1.002768,1.002732,1.002697,1.002663,1.002630,1.002598,1.002567,1.002537,1.002509,1.002480,1.002453,1.002426,1.002401,1.002375,1.002351,1.002326,1.002303,1.002280,1.002257,1.002235,1.002213,1.002192,1.002171,1.002150,1.002130,1.002110,1.002090,1.002071,1.002051,1.002032,1.002013,1.001994,1.001976,1.001957,1.001939,1.001921,1.001903,1.001885,1.001867,1.001849,1.001831,1.001813,1.001795
1.000000,1.000002,1.000150,1.000352,1.000560,1.000780,1.001013,1.001068,1.001328,1.001604,1.001896,1.001966,1.002288,1.002627,1.002983,1.003073,1.003462,1.003566,1.003989,1.004431,1.004554,1.005033,1.005171,1.005689,1.005843,1.006009,1.005793,1.005594,1.005409,1.005237,1.005077,1.004928,1.004788,1.004657,1.004534,1.004419,1.004310,1.004207,1.004110,1.004019,1.003932,1.003850,1.003771,1.003697,1.003627,1.003559,1.003495,1.003434,1.003376,1.003320,1.003266,1.003215,1.003166,1.003119,1.003073,1.003030,1.002988,1.002947,1.002908,1.002871,1.002834,1.002799,1.002765,1.002732,1.002700,1.002669,1.002639,1.002610,1.002581,1.002553,1.002526,1.002500,1.002474,1.002449,1.002424,1.002400,1.002376,1.002353,1.002330,1.002308,1.002286,1.002264,1.002242,1.002221,1.002200,1.002180,1.002159,1.002139,1.002119,1.002099,1.002080,1.002060,1.002041,1.002022,1.002002,1.001983,1.001964,1.001945,1.001926,1.001907
1.000000,1.000002,1.000150,1.000352,1.000560,1.000780,1.001013,1.001068,1.001328,1.001604,1.001896,1.001966,1.002288,1.002627,1.002983,1.003073,1.003462,1.003566,1.003989,1.004431,1.004554,1.005033,1.005171,1.005689,1.005843,1.006401,1.006171,1.005959,1.005761,1.005578,1.005407,1.005248,1.005098,1.004959,1.004827,1.004704,1.004588,1.004478,1.004374,1.004277,1.004184,1.004096,1.004013,1.003933,1.003858,1.003786,1.003717,1.003652,1.003590,1.003530,1.003473,1.003418,1.003365,1.003315,1.003266,1.003220,1.003175,1.003132,1.003090,1.003050,1.003011,1.002973,1.002937,1.002902,1.002867,1.002834,1.002802,1.002771,1.002740,1.002711,1.002682,1.002653,1.002626,1.002599,1.002573,1.002547,1.002521,1.002497,1.002472,1.002448,1.002425,1.002402,1.002379,1.002356,1.002334,1.002312,1.002290,1.002269,1.002248,1.002227,1.002206,1.002185,1.002164,1.002144,1.002123,1.002103,1.002083,1.002063,1.002043,1.002023
1.000000,1.000002,1.000150,1.000352,1.000560,1.000780,1.001013,1.001068,1.001328,1.001604,1.001896,1.001966,1.002288,1.002627,1.002983,1.003073,1.003462,1.003566,1.003989,1.004431,1.004554,1.005033,1.005171,1.005689,1.005843,1.006401,1.006573,1.006345,1.006135,1.005939,1.005757,1.005586,1.005427,1.005278,1.005138,1.005006,1.004882,1.004765,1.004654,1.004549,1.004450,1.004356,1.004267,1.004182,1.004102,1.004025,1.003952,1.003882,1.003815,1.003751,1.003690,1.003632,1.003576,1.003522,1.003470,1.003420,1.003372,1.003326,1.003281,1.003238,1.003197,1.003157,1.003118,1.003080,1.003044,1.003008,1.002974,1.002940,1.002908,1.002876,1.002845,1.002815,1.002786,1.002757,1.002729,1.002701,1.002674,1.002648,1.002622,1.002596,1.002571,1.002547,1.002522,1.002498,1.002475,1.002451,1.002428,1.002405,1.002383,1.002360,1.002338,1.002316,1.002294,1.002272,1.002251,1.002229,1.002208,1.002186,1.002165,1.002144
1.000000,1.000002,1.000150,1.000352,1.000560,1.000780,1.001013,1.001068,1.001328,1.001604,1.001896,1.001966,1.002288,1.002627,1.002983,1.003073,1.003462,1.003566,1.003989,1.004431,1.004554,1.005033,1.005171,1.005689,1.005843,1.006401,1.006573,1.006755,1.006530,1.006321,1.006127,1.005945,1.005775,1.005615,1.005466,1.005325,1.005192,1.005067,1.004949,1.004838,1.004732,1.004631,1.004536,1.004446,1.004360,1.004278,1.004199,1.004125,1.004053,1.003985,1.003920,1.003857,1.003797,1.003740,1.003684,1.003631,1.003580,1.003531,1.003483,1.003437,1.003393,1.003350,1.003308,1.003268,1.003229,1.003191,1.003154,1.003119,1.003084,1.003050,1.003017,1.002985,1.002954,1.002923,1.002893,1.002864,1.002835,1.002807,1.002779,1.002752,1.002725,1.002699,1.002673,1.002648,1.002622,1.002598,1.002573,1.002549,1.002525,1.002501,1.002477,1.002454,1.002431,1.002407,1.002384,1.002362,1.002339,1.002316,1.002294,1.002271
1.000000,1.000002,1.000150,1.000352,1.000560,1.000780,1.001013,1.001068,1.001328,1.001604,1.001896,1.001966,1.002288,1.002627,1.002983,1.003073,1.003462,1.003566,1.003989,1.004431,1.004554,1.005033,1.005171,1.005689,1.005843,1.006401,1.006573,1.007174,1.006934,1.006712,1.006505,1.006312,1.006131,1.005961,1.005802,1.005652,1.005511,1.005378,1.005252,1.005133,1.005020,1.004913,1.004812,1.004716,1.004624,1.004537,1.004453,1.004374,1.004298,1.004225,1.004156,1.004089,1.004025,1.003964,1.003905,1.003848,1.003793,1.003741,1.003690,1.003641,1.003594,1.003548,1.003504,1.003461,1.003420,1.003379,1.003340,1.003302,1.003265,1.003229,1.003194,1.003160,1.003126,1.003094,1.003062,1.003031,1.003000,1.002970,1.002941,1.002912,1.002883,1.002856,1.002828,1.002801,1.002774,1.002748,1.002722,1.002696,1.002670,1.002645,1.002620,1.002595,1.002571,1.002546,1.002522,1.002498,1.002474,1.002450,1.002426,1.002402
1.000000,1.000002,1.000150,1.000352,1.000560,1.000780,1.001013,1.001068,1.001328,1.001604,1.001896,1.001966,1.002288,1.002627,1.002983,1.003073,1.003462,1.003566,1.003989,1.004431,1.004554,1.005033,1.005171,1.005689,1.005843,1.006401,1.006573,1.007174,1.007362,1.007126,1.006905,1.006699,1.006507,1.006326,1.006157,1.005997,1.005847,1.005705,1.005571,1.005445,1.005325,1.005211,1.005103,1.005000,1.004903,1.004810,1.004721,1.004636,1.004555,1.004478,1.004404,1.004333,1.004265,1.004199,1.004137,1.004076,1.004018,1.003962,1.003908,1.003856,1.003806,1.003757,1.003710,1.003664,1.003620,1.003577,1.003535,1.003495,1.003456,1.003417,1.003380,1.003343,1.003308,1.003273,1.003239,1.003206,1.003174,1.003142,1.003111,1.003080,1.003050,1.003020,1.002991,1.002962,1.002934,1.002906,1.002878,1.002851,1.002824,1.002797,1.002770,1.002744,1.002718,1.002692,1.002666,1.002641,1.002615,1.002590,1.002564,1.002539
1.000000,1.000002,1.000150,1.000352,1.000560,1.000780,1.001013,1.001068,1.001328,1.001604,1.001896,1.001966,1.002288,1.002627,1.002983,1.003073,1.003462,1.003566,1.003989,1.004431,1.004554,1.005033,1.005171,1.005689,1.005843,1.006401,1.006573,1.007174,1.007362,1.007563,1.007328,1.007109,1.006904,1.006712,1.006532,1.006362,1.006202,1.006051,1.005909,1.005774,1.005646,1.005525,1.005410,1.005301,1.005197,1.005098,1.005003,1.004913,1.004827,1.004744,1.004665,1.004590,1.004517,1.004448,1.004381,1.004316,1.004255,1.004195,1.004137,1.004082,1.004028,1.003976,1.003926,1.003878,1.003831,1.003785,1.003741,1.003698,1.003656,1.003615,1.003575,1.003536,1.003499,1.003462,1.003426,1.003390,1.003356,1.003322,1.003289,1.003256,1.003224,1.003193,1.003162,1.003131,1.003101,1.003071,1.003042,1.003013,1.002984,1.002956,1.002928,1.002900,1.002872,1.002845,1.002818,1.002791,1.002764,1.002737,1.002710,1.002683
1.000000,1.000002,1.000150,1.000352,1.000560,1.000780,1.001013,1.001068,1.001328,1.001604,1.001896,1.001966,1.002288,1.002627,1.002983,1.003073,1.003462,1.003566,1.003989,1.004431,1.004554,1.005033,1.005171,1.005689,1.005843,1.006401,1.006573,1.007174,1.007362,1.007563,1.007775,1.007542,1.007324,1.007119,1.006927,1.006747,1.006577,1.006416,1.006264,1.006121,1.005985,1.005856,1.005734,1.005617,1.005507,1.005401,1.005300,1.005204,1.005113,1.005025,1.004941,1.004860,1.004783,1.004709,1.004638,1.004569,1.004503,1.004440,1.004379,1.004319,1.004262,1.004207,1.004154,1.004102,1.004052,1.004003,1.003956,1.003910,1.003866,1.003823,1.003780,1.003739,1.003699,1.003660,1.003621,1.003584,1.003547,1.003511,1.003476,1.003441,1.003407,1.003374,1.003341,1.003309,1.003277,1.003245,1.003214,1.003183,1.003153,1.003123,1.003093,1.003064,1.003034,1.003005,1.002976,1.002948,1.002919,1.002891,1.002863,1.002835
1.000000,1.000002,1.000150,1.000352,1.000560,1.000780,1.001013,1.001068,1.001328,1.001604,1.001896,1.001966,1.002288,1.002627,1.002983,1.003073,1.003462,1.003566,1.003989,1.004431,1.004554,1.005033,1.005171,1.005689,1.005843,1.006401,1.006573,1.007174,1.007362,1.007563,1.008231,1.007984,1.007752,1.007535,1.007332,1.007140,1.006959,1.006789,1.006628,1.006476,1.006332,1.006195,1.006065,1.005941,1.005824,1.005712,1.005605,1.005503,1.005406,1.005312,1.005223,1.005138,1.005056,1.004977,1.004901,1.004829,1.004758,1.004691,1.004626,1.004563,1.004503,1.004444,1.004387,1.004332,1.004279,1.004228,1.004178,1.004129,1.004082,1.004036,1.003991,1.003947,1.003905,1.003863,1.003822,1.003782,1.003744,1.003705,1.003668,1.003631,1.003595,1.003560,1.003525,1.003491,1.003457,1.003423,1.003391,1.003358,1.003326,1.003294,1.003263,1.003231,1.003201,1.003170,1.003139,1.003109,1.003079,1.003049,1.003019,1.002990
1.000000,1.000002,1.000150,1.000352,1.000560,1.000780,1.001013,1.001068,1.001328,1.001604,1.001896,1.001966,1.002288,1.002627,1.002983,1.003073,1.003462,1.003566,1.003989,1.004431,1.004554,1.005033,1.005171,1.005689,1.005843,1.006401,1.006573,1.007174,1.007362,1.007563,1.008231,1.008450,1.008205,1.007975,1.007758,1.007555,1.007363,1.007183,1.007012,1.006850,1.006697,1.006552,1.006414,1.006283,1.006158,1.006039,1.005925,1.005817,1.005714,1.005615,1.005520,1.005429,1.005342,1.005258,1.005178,1.005101,1.005027,1.004955,1.004886,1.004819,1.004755,1.004693,1.004632,1.004574,1.004518,1.004463,1.004410,1.004358,1.004308,1.004259,1.004212,1.004165,1.004120,1.004076,1.004033,1.003991,1.003949,1.003909,1.003869,1.003831,1.003792,1.003755,1.003718,1.003682,1.003646,1.003611,1.003576,1.003541,1.003507,1.003474,1.003440,1.003408,1.003375,1.003342,1.003310,1.003278,1.003247,1.003215,1.003184,1.003152
1.000000,1.000002,1.000150,1.000352,1.000560,1.000780,1.001013,1.001068,1.001328,1.001604,1.001896,1.001966,1.002288,1.002627,1.002983,1.003073,1.003462,1.003566,1.003989,1.004431,1.004554,1.005033,1.005171,1.005689,1.005843,1.006401,1.006573,1.007174,1.007362,1.007563,1.008231,1.008450,1.008682,1.008438,1.008208,1.007992,1.007789,1.007597,1.007416,1.007244,1.007082,1.006927,1.006781,1.006642,1.006509,1.006383,1.006263,1.006148,1.006038,1.005933,1.005832,1.005736,1.005643,1.005555,1.005469,1.005387,1.005308,1.005232,1.005159,1.005088,1.005020,1.004954,1.004890,1.004828,1.004768,1.004710,1.004654,1.004599,1.004546,1.004494,1.004444,1.004394,1.004346,1.004300,1.004254,1.004209,1.004166,1.004123,1.004081,1.004040,1.003999,1.003959,1.003920,1.003882,1.003844,1.003807,1.003770,1.003733,1.003698,1.003662,1.003627,1.003592,1.003558,1.003523,1.003489,1.003456,1.003422,1.003389,1.003356,1.003323
1.000000,1.000002,1.000150,1.000352,1.000560,1.000780,1.001013,1.001068,1.001328,1.001604,1.001896,1.001966,1.002288,1.002627,1.002983,1.003073,1.003462,1.003566,1.003989,1.004431,1.004554,1.005033,1.005171,1.005689,1.005843,1.006401,1.006573,1.007174,1.007362,1.007563,1.008231,1.008450,1.008682,1.008926,1.008682,1.008453,1.008238,1.008034,1.007841,1.007659,1.007487,1.007323,1.007168,1.007020,1.006879,1.006745,1.006618,1.006496,1.006379,1.006267,1.006161,1.006058,1.005960,1.005866,1.005775,1.005688,1.005605,1.005524,1.005446,1.005371,1.005298,1.005228,1.005161,1.005095,1.005031,1.004970,1.004910,1.004852,1.004795,1.004740,1.004687,1.004635,1.004584,1.004534,1.004486,1.004438,1.004392,1.004347,1.004302,1.004259,1.004216,1.004174,1.004132,1.004092,1.004052,1.004012,1.003973,1.003935,1.003897,1.003859,1.003822,1.003785,1.003749,1.003713,1.003677,1.003642,1.003606,1.003571,1.003536,1.003501
1.000000,1.000002,1.000150,1.000352,1.000560,1.000780,1.001013,1.001068,1.001328,1.001604,1.001896,1.001966,1.002288,1.002627,1.002983,1.003073,1.003462,1.003566,1.003989,1.004431,1.004554,1.005033,1.005171,1.005689,1.005843,1.006401,1.006573,1.007174,1.007362,1.007563,1.008231,1.008450,1.008682,1.009423,1.009166,1.008923,1.008695,1.008480,1.008276,1.008083,1.007901,1.007727,1.007563,1.007406,1.007258,1.007116,1.006980,1.006851,1.006728,1.006610,1.006497,1.006388,1.006284,1.006185,1.006089,1.005996,1.005908,1.005822,1.005740,1.005660,1.005584,1.005509,1.005438,1.005368,1.005301,1.005235,1.005172,1.005111,1.005051,1.004993,1.004936,1.004881,1.004827,1.004775,1.004723,1.004673,1.004624,1.004576,1.004529,1.004483,1.004438,1.004394,1.004350,1.004307,1.004265,1.004223,1.004182,1.004141,1.004101,1.004062,1.004022,1.003984,1.003945,1.003907,1.003869,1.003832,1.003795,1.003758,1.003721,1.003684
1.000000,1.000002,1.000150,1.000352,1.000560,1.000780,1.001013,1.001068,1.001328,1.001604,1.001896,1.001966,1.002288,1.002627,1.002983,1.003073,1.003462,1.003566,1.003989,1.004431,1.004554,1.005033,1.005171,1.005689,1.005843,1.006401,1.006573,1.007174,1.007362,1.007563,1.008231,1.008450,1.008682,1.009423,1.009675,1.009419,1.009177,1.008949,1.008733,1.008529,1.008336,1.008153,1.007979,1.007813,1.007655,1.007505,1.007362,1.007225,1.007094,1.006969,1.006850,1.006735,1.006625,1.006519,1.006418,1.006320,1.006226,1.006135,1.006048,1.005964,1.005883,1.005804,1.005728,1.005655,1.005583,1.005514,1.005447,1.005382,1.005319,1.005257,1.005197,1.005139,1.005082,1.005027,1.004972,1.004920,1.004868,1.004817,1.004767,1.004719,1.004671,1.004624,1.004578,1.004532,1.004488,1.004444,1.004400,1.004357,1.004315,1.004273,1.004232,1.004191,1.004151,1.004111,1.004071,1.004031,1.003992,1.003953,1.003915,1.003876
1.000000,1.000002,1.000150,1.000352,1.000560,1.000780,1.001013,1.001068,1.001328,1.001604,1.001896,1.001966,1.002288,1.002627,1.002983,1.003073,1.003462,1.003566,1.003989,1.004431,1.004554,1.005033,1.005171,1.005689,1.005843,1.006401,1.006573,1.007174,1.007362,1.007563,1.008231,1.008450,1.008682,1.009423,1.009675,1.009941,1.009685,1.009443,1.009215,1.008999,1.008794,1.008600,1.008416,1.008241,1.008074,1.007915,1.007763,1.007618,1.007480,1.007347,1.007221,1.007099,1.006982,1.006871,1.006763,1.006660,1.006560,1.006464,1.006372,1.006283,1.006197,1.006114,1.006033,1.005955,1.005880,1.005807,1.005736,1.005667,1.005600,1.005535,1.005471,1.005410,1.005350,1.005291,1.005234,1.005178,1.005123,1.005069,1.005017,1.004965,1.004915,1.004865,1.004816,1.004769,1.004721,1.004675,1.004629,1.004584,1.004539,1.004495,1.004452,1.004409,1.004366,1.004324,1.004282,1.004240,1.004199,1.004158,1.004117,1.004077
1.000000,1.000002,1.000150,1.000352,1.000560,1.000780,1.001013,1.001068,1.001328,1.001604,1.001896,1.001966,1.002288,1.002627,1.002983,1.003073,1.003462,1.003566,1.003989,1.004431,1.004554,1.005033,1.005171,1.005689,1.005843,1.006401,1.006573,1.007174,1.007362,1.007563,1.008231,1.008450,1.008682,1.009423,1.009675,1.009941,1.010219,1.009963,1.009722,1.009493,1.009277,1.009071,1.008876,1.008690,1.008514,1.008345,1.008185,1.008031,1.007885,1.007745,1.007610,1.007482,1.007358,1.007240,1.007126,1.007016,1.006911,1.006810,1.006712,1.006617,1.006526,1.006438,1.006353,1.006271,1.006191,1.006113,1.006038,1.005966,1.005895,1.005826,1.005759,1.005694,1.005630,1.005568,1.005507,1.005448,1.005390,1.005333,1.005278,1.005224,1.005170,1.005118,1.005067,1.005016,1.004966,1.004917,1.004869,1.004821,1.004774,1.004728,1.004682,1.004637,1.004592,1.004547,1.004503,1.004459,1.004416,1.004373,1.004330,1.004287
1.000000,1.000002,1.000150,1.000352,1.000560,1.000780,1.001013,1.001068,1.001328,1.001604,1.001896,1.001966,1.002288,1.002627,1.002983,1.003073,1.003462,1.003566,1.003989,1.004431,1.004554,1.005033,1.005171,1.005689,1.005843,1.006401,1.006573,1.007174,1.007362,1.007563,1.008231,1.008450,1.008682,1.009423,1.009675,1.009941,1.010763,1.010493,1.010238,1.009997,1.009768,1.009551,1.009345,1.009149,1.008962,1.008785,1.008615,1.008453,1.008298,1.008150,1.008008,1.007872,1.007742,1.007617,1.007497,1.007381,1.007270,1.007163,1.007059,1.006960,1.006863,1.006770,1.006680,1.006593,1.006509,1.006427,1.006348,1.006271,1.006196,1.006124,1.006053,1.005984,1.005917,1.005851,1.005787,1.005725,1.005664,1.005604,1.005546,1.005488,1.005432,1.005377,1.005323,1.005269,1.005217,1.005165,1.005114,1.005064,1.005015,1.004966,1.004917,1.004870,1.004822,1.004776,1.004729,1.004683,1.004638,1.004592,1.004547,1.004502
1.000000,1.000002,1.000150,1.000352,1.000560,1.000780,1.001013,1.001068,1.001328,1.001604,1.001896,1.001966,1.002288,1.002627,1.002983,1.003073,1.003462,1.003566,1.003989,1.004431,1.004554,1.005033,1.005171,1.005689,1.005843,1.006401,1.006573,1.007174,1.007362,1.007563,1.008231,1.008450,1.008682,1.009423,1.009675,1.009941,1.010763,1.011051,1.010782,1.010527,1.010285,1.010056,1.009838,1.009631,1.009434,1.009246,1.009067,1.008896,1.008733,1.008576,1.008426,1.008283,1.008145,1.008013,1.007886,1.007764,1.007646,1.007533,1.007424,1.007318,1.007217,1.007119,1.007024,1.006932,1.006843,1.006756,1.006673,1.006591,1.006512,1.006436,1.006361,1.006288,1.006217,1.006148,1.006081,1.006015,1.005950,1.005887,1.005826,1.005765,1.005706,1.005648,1.005591,1.005534,1.005479,1.005425,1.005371,1.005318,1.005266,1.005215,1.005164,1.005114,1.005064,1.005015,1.004966,1.004918,1.004870,1.004822,1.004775,1.004728
1.000000,1.000002,1.000150,1.000352,1.000560,1.000780,1.001013,1.001068,1.001328,1.001604,1.001896,1.001966,1.002288,1.002627,1.002983,1.003073,1.003462,1.003566,1.003989,1.004431,1.004554,1.005033,1.005171,1.005689,1.005843,1.006401,1.006573,1.007174,1.007362,1.007563,1.008231,1.008450,1.008682,1.009423,1.009675,1.009941,1.010763,1.011051,1.011353,1.011084,1.010829,1.010587,1.010357,1.010138,1.009930,1.009731,1.009542,1.009362,1.009189,1.009024,1.008865,1.008714,1.008568,1.008429,1.008294,1.008165,1.008041,1.007922,1.007806,1.007695,1.007588,1.007484,1.007384,1.007286,1.007192,1.007101,1.007013,1.006927,1.006844,1.006763,1.006684,1.006607,1.006532,1.006459,1.006388,1.006319,1.006251,1.006184,1.006119,1.006055,1.005993,1.005932,1.005871,1.005812,1.005754,1.005697,1.005640,1.005585,1.005530,1.005476,1.005422,1.005369,1.005317,1.005265,1.005214,1.005163,1.005113,1.005063,1.005013,1.004964
1.000000,1.000002,1.000150,1.000352,1.000560,1.000780,1.001013,1.001068,1.001328,1.001604,1.001896,1.001966,1.002288,1.002627,1.002983,1.003073,1.003462,1.003566,1.003989,1.004431,1.004554,1.005033,1.005171,1.005689,1.005843,1.006401,1.006573,1.007174,1.007362,1.007563,1.008231,1.008450,1.008682,1.009423,1.009675,1.009941,1.010763,1.011051,1.011353,1.011669,1.011400,1.011144,1.010902,1.010671,1.010451,1.010241,1.010041,1.009850,1.009668,1.009493,1.009326,1.009166,1.009012,1.008865,1.008723,1.008587,1.008456,1.008329,1.008207,1.008090,1.007977,1.007867,1.007761,1.007658,1.007559,1.007463,1.007370,1.007279,1.007191,1.007106,1.007022,1.006941,1.006862,1.006785,1.006710,1.006637,1.006565,1.006495,1.006427,1.006359,1.006294,1.006229,1.006165,1.006103,1.006042,1.005982,1.005922,1.005864,1.005806,1.005749,1.005693,1.005637,1.005582,1.005528,1.005474,1.005420,1.005367,1.005315,1.005262,1.005211
1.000000,1.000002,1.000150,1.000352,1.000560,1.000780,1.001013,1.001068,1.001328,1.001604,1.001896,1.001966,1.002288,1.002627,1.002983,1.003073,1.003462,1.003566,1.003989,1.004431,1.004554,1.005033,1.005171,1.005689,1.005843,1.006401,1.006573,1.007174,1.007362,1.007563,1.008231,1.008450,1.008682,1.009423,1.009675,1.009941,1.010763,1.011051,1.011353,1.011669,1.012001,1.011731,1.011474,1.011230,1.010998,1.010777,1.010565,1.010364,1.010171,1.009987,1.009810,1.009641,1.009479,1.009323,1.009173,1.009029,1.008891,1.008757,1.008628,1.008504,1.008385,1.008269,1.008157,1.008049,1.007944,1.007842,1.007744,1.007648,1.007555,1.007465,1.007377,1.007292,1.007208,1.007127,1.007048,1.006971,1.006895,1.006821,1.006749,1.006678,1.006608,1.006540,1.006473,1.006408,1.006343,1.006280,1.006217,1.006156,1.006095,1.006035,1.005976,1.005917,1.005859,1.005802,1.005745,1.005689,1.005634,1.005578,1.005524,1.005469
1.000000,1.000002,1.000150,1.000352,1.000560,1.000780,1.001013,1.001068,1.001328,1.001604,1.001896,1.001966,1.002288,1.002627,1.002983,1.003073,1.003462,1.003566,1.003989,1.004431,1.004554,1.005033,1.005171,1.005689,1.005843,1.006401,1.006573,1.007174,1.007362,1.007563,1.008231,1.008450,1.008682,1.009423,1.009675,1.009941,1.010763,1.011051,1.011353,1.011669,1.012001,1.012347,1.012076,1.011818,1.011573,1.011339,1.011116,1.010903,1.010700,1.010505,1.010318,1.010140,1.009968,1.009803,1.009645,1.009493,1.009347,1.009206,1.009070,1.008939,1.008813,1.008690,1.008572,1.008458,1.008347,1.008240,1.008136,1.008035,1.007937,1.007842,1.007749,1.007659,1.007571,1.007485,1.007402,1.007320,1.007240,1.007162,1.007086,1.007011,1.006938,1.006866,1.006796,1.006727,1.006659,1.006592,1.006526,1.006461,1.006397,1.006334,1.006272,1.006211,1.006150,1.006090,1.006030,1.005971,1.005913,1.005855,1.005797,1.005740
1.000000,1.000002,1.000150,1.000352,1.000560,1.000780,1.001013,1.001068,1.001328,1.001604,1.001896,1.001966,1.002288,1.002627,1.002983,1.003073,1.003462,1.003566,1.003989,1.004431,1.004554,1.005033,1.005171,1.005689,1.005843,1.006401,1.006573,1.007174,1.007362,1.007563,1.008231,1.008450,1.008682,1.009423,1.009675,1.009941,1.010763,1.011051,1.011353,1.011669,1.012001,1.012973,1.012688,1.012416,1.012158,1.011912,1.011677,1.011452,1.011238,1.011033,1.010836,1.010648,1.010467,1.010294,1.010127,1.009967,1.009813,1.009664,1.009521,1.009383,1.009249,1.009121,1.008996,1.008876,1.008759,1.008646,1.008536,1.008430,1.008327,1.008226,1.008129,1.008034,1.007941,1.007851,1.007763,1.007677,1.007593,1.007511,1.007431,1.007352,1.007275,1.007200,1.007126,1.007053,1.006982,1.006911,1.006842,1.006774,1.006707,1.006640,1.006575,1.006510,1.006447,1.006383,1.006321,1.006259,1.006198,1.006137,1.006076,1.006017
1.000000,1.000002,1.000150,1.000352,1.000560,1.000780,1.001013,1.001068,1.001328,1.001604,1.001896,1.001966,1.002288,1.002627,1.002983,1.003073,1.003462,1.003566,1.003989,1.004431,1.004554,1.005033,1.005171,1.005689,1.005843,1.006401,1.006573,1.007174,1.007362,1.007563,1.008231,1.008450,1.008682,1.009423,1.009675,1.009941,1.010763,1.011051,1.011353,1.011669,1.012001,1.012973,1.013332,1.013046,1.012773,1.012514,1.012266,1.012029,1.011803,1.011587,1.011380,1.011181,1.010991,1.010808,1.010633,1.010464,1.010301,1.010144,1.009994,1.009848,1.009708,1.009572,1.009441,1.009314,1.009191,1.009072,1.008956,1.008844,1.008735,1.008630,1.008527,1.008427,1.008329,1.008234,1.008142,1.008051,1.007963,1.007877,1.007792,1.007709,1.007628,1.007549,1.007471,1.007395,1.007319,1.007245,1.007173,1.007101,1.007031,1.006961,1.006892,1.006824,1.006757,1.006691,1.006626,1.006561,1.006496,1.006432,1.006369,1.006306
1.000000,1.000002,1.000150,1.000352,1.000560,1.000780,1.001013,1.001068,1.001328,1.001604,1.001896,1.001966,1.002288,1.002627,1.002983,1.003073,1.003462,1.003566,1.003989,1.004431,1.004554,1.005033,1.005171,1.005689,1.005843,1.006401,1.006573,1.007174,1.007362,1.007563,1.008231,1.008450,1.008682,1.009423,1.009675,1.009941,1.010763,1.011051,1.011353,1.011669,1.012001,1.012973,1.013332,1.013706,1.013419,1.013146,1.012885,1.012635,1.012397,1.012169,1.011951,1.011741,1.011541,1.011348,1.011163,1.010985,1.010814,1.010648,1.010489,1.010336,1.010188,1.010045,1.009907,1.009773,1.009643,1.009518,1.009396,1.009278,1.009164,1.009052,1.008944,1.008838,1.008736,1.008636,1.008538,1.008443,1.008350,1.008259,1.008170,1.008083,1.007998,1.007915,1.007833,1.007752,1.007673,1.007596,1.007519,1.007444,1.007370,1.007297,1.007224,1.007153,1.007083,1.007013,1.006944,1.006876,1.006809,1.006742,1.006675,1.006610
1.000000,1.000002,1.000150,1.000352,1.000560,1.000780,1.001013,1.001068,1.001328,1.001604,1.001896,1.001966,1.002288,1.002627,1.002983,1.003073,1.003462,1.003566,1.003989,1.004431,1.004554,1.005033,1.005171,1.005689,1.005843,1.006401,1.006573,1.007174,1.007362,1.007563,1.008231,1.008450,1.008682,1.009423,1.009675,1.009941,1.010763,1.011051,1.011353,1.011669,1.012001,1.012973,1.013332,1.013706,1.014098,1.013809,1.013534,1.013271,1.013020,1.012780,1.012550,1.012329,1.012118,1.011915,1.011719,1.011532,1.011351,1.011177,1.011010,1.010848,1.010692,1.010541,1.010395,1.010254,1.010118,1.009986,1.009857,1.009733,1.009612,1.009495,1.009381,1.009270,1.009162,1.009057,1.008954,1.008854,1.008756,1.008660,1.008567,1.008475,1.008385,1.008298,1.008211,1.008127,1.008044,1.007962,1.007882,1.007803,1.007725,1.007648,1.007572,1.007497,1.007424,1.007351,1.007278,1.007207,1.007136,1.007066,1.006996,1.006927
1.000000,1.000002,1.000150,1.000352,1.000560,1.000780,1.001013,1.001068,1.001328,1.001604,1.001896,1.001966,1.002288,1.002627,1.002983,1.003073,1.003462,1.003566,1.003989,1.004431,1.004554,1.005033,1.005171,1.005689,1.005843,1.006401,1.006573,1.007174,1.007362,1.007563,1.008231,1.008450,1.008682,1.009423,1.009675,1.009941,1.010763,1.011051,1.011353,1.011669,1.012001,1.012973,1.013332,1.013706,1.014098,1.014506,1.014216,1.013939,1.013675,1.013421,1.013179,1.012946,1.012723,1.012509,1.012304,1.012106,1.011915,1.011732,1.011555,1.011385,1.011220,1.011062,1.010908,1.010759,1.010616,1.010476,1.010341,1.010210,1.010083,1.009959,1.009839,1.009722,1.009608,1.009498,1.009389,1.009284,1.009181,1.009080,1.008982,1.008886,1.008791,1.008699,1.008608,1.008519,1.008432,1.008346,1.008262,1.008179,1.008097,1.008016,1.007936,1.007858,1.007780,1.007704,1.007628,1.007553,1.007479,1.007405,1.007332,1.007260
1.000000,1.000002,1.000150,1.000352,1.000560,1.000780,1.001013,1.001068,1.001328,1.001604,1.001896,1.001966,1.002288,1.002627,1.002983,1.003073,1.003462,1.003566,1.003989,1.004431,1.004554,1.005033,1.005171,1.005689,1.005843,1.006401,1.006573,1.007174,1.007362,1.007563,1.008231,1.008450,1.008682,1.009423,1.009675,1.009941,1.010763,1.011051,1.011353,1.011669,1.012001,1.012973,1.013332,1.013706,1.014098,1.014506,1.014933,1.014641,1.014362,1.014095,1.013839,1.013594,1.013359,1.013133,1.012917,1.012708,1.012507,1.012314,1.012128,1.011948,1.011775,1.011607,1.011446,1.011289,1.011137,1.010991,1.010848,1.010710,1.010576,1.010446,1.010320,1.010196,1.010077,1.009960,1.009846,1.009735,1.009626,1.009521,1.009417,1.009316,1.009216,1.009119,1.009024,1.008930,1.008839,1.008748,1.008660,1.008572,1.008486,1.008402,1.008318,1.008236,1.008154,1.008074,1.007994,1.007915,1.007838,1.007760,1.007684,1.007608
1.000000,1.000002,1.000150,1.000352,1.000560,1.000780,1.001013,1.001068,1.001328,1.001604,1.001896,1.001966,1.002288,1.002627,1.002983,1.003073,1.003462,1.003566,1.003989,1.004431,1.004554,1.005033,1.005171,1.005689,1.005843,1.006401,1.006573,1.007174,1.007362,1.007563,1.008231,1.008450,1.008682,1.009423,1.009675,1.009941,1.010763,1.011051,1.011353,1.011669,1.012001,1.012973,1.013332,1.013706,1.014098,1.014506,1.014933,1.015378,1.015084,1.014802,1.014533,1.014274,1.014026,1.013789,1.013560,1.013340,1.013129,1.012925,1.012729,1.012539,1.012357,1.012180,1.012010,1.011845,1.011685,1.011530,1.011380,1.011235,1.011094,1.010957,1.010823,1.010694,1.010567,1.010444,1.010325,1.010208,1.010094,1.009982,1.009873,1.009766,1.009662,1.009560,1.009460,1.009361,1.009265,1.009170,1.009076,1.008985,1.008894,1.008805,1.008718,1.008631,1.008546,1.008461,1.008378,1.008295,1.008214,1.008133,1.008052,1.007973
1.000000,1.000002,1.000150,1.000352,1.000560,1.000780,1.001013,1.001068,1.001328,1.001604,1.001896,1.001966,1.002288,1.002627,1.002983,1.003073,1.003462,1.003566,1.003989,1.004431,1.004554,1.005033,1.005171,1.005689,1.005843,1.006401,1.006573,1.007174,1.007362,1.007563,1.008231,1.008450,1.008682,1.009423,1.009675,1.009941,1.010763,1.011051,1.011353,1.011669,1.012001,1.012973,1.013332,1.013706,1.014098,1.014506,1.014933,1.015378,1.015841,1.015545,1.015261,1.014988,1.014727,1.014476,1.014236,1.014004,1.013781,1.013566,1.013359,1.013160,1.012967,1.012781,1.012601,1.012428,1.012259,1.012096,1.011938,1.011785,1.011636,1.011492,1.011352,1.011215,1.011082,1.010953,1.010826,1.010703,1.010583,1.010466,1.010351,1.010239,1.010129,1.010022,1.009916,1.009813,1.009711,1.009611,1.009513,1.009417,1.009322,1.009229,1.009137,1.009046,1.008956,1.008867,1.008780,1.008693,1.008607,1.008523,1.008439,1.008355
1.000000,1.000002,1.000150,1.000352,1.000560,1.000780,1.001013,1.001068,1.001328,1.001604,1.001896,1.001966,1.002288,1.002627,1.002983,1.003073,1.003462,1.003566,1.003989,1.004431,1.004554,1.005033,1.005171,1.005689,1.005843,1.006401,1.006573,1.007174,1.007362,1.007563,1.008231,1.008450,1.008682,1.009423,1.009675,1.009941,1.010763,1.011051,1.011353,1.011669,1.012001,1.012973,1.013332,1.013706,1.014098,1.014506,1.014933,1.015378,1.015841,1.016325,1.016025,1.015738,1.015463,1.015199,1.014945,1.014701,1.014466,1.014239,1.014021,1.013811,1.013608,1.013412,1.013223,1.013039,1.012862,1.012690,1.012524,1.012362,1.012206,1.012054,1.011906,1.011762,1.011622,1.011485,1.011353,1.011223,1.011097,1.010973,1.010852,1.010734,1.010619,1.010506,1.010395,1.010286,1.010179,1.010075,1.009971,1.009870,1.009770,1.009672,1.009576,1.009480,1.009386,1.009293,1.009201,1.009110,1.009020,1.008931,1.008843,1.008756
1.000000,1.000002,1.000150,1.000352,1.000560,1.000780,1.001013,1.001068,1.001328,1.001604,1.001896,1.001966,1.002288,1.002627,1.002983,1.003073,1.003462,1.003566,1.003989,1.004431,1.004554,1.005033,1.005171,1.005689,1.005843,1.006401,1.006573,1.007174,1.007362,1.007563,1.008231,1.008450,1.008682,1.009423,1.009675,1.009941,1.010763,1.011051,1.011353,1.011669,1.012001,1.012973,1.013332,1.013706,1.014098,1.014506,1.014933,1.015378,1.015841,1.016325,1.016829,1.016526,1.016236,1.015958,1.015690,1.015432,1.015185,1.014946,1.014716,1.014495,1.014281,1.014074,1.013875,1.013682,1.013495,1.013314,1.013138,1.012968,1.012803,1.012643,1.012487,1.012336,1.012188,1.012045,1.011905,1.011768,1.011635,1.011505,1.011378,1.011254,1.011132,1.011013,1.010897,1.010782,1.010670,1.010560,1.010452,1.010345,1.010241,1.010137,1.010036,1.009936,1.009837,1.009739,1.009643,1.009547,1.009453,1.009360,1.009267,1.009176
1.000000,1.000002,1.000150,1.000352,1.000560,1.000780,1.001013,1.001068,1.001328,1.001604,1.001896,1.001966,1.002288,1.002627,1.002983,1.003073,1.003462,1.003566,1.003989,1.004431,1.004554,1.005033,1.005171,1.005689,1.005843,1.006401,1.006573,1.007174,1.007362,1.007563,1.008231,1.008450,1.008682,1.009423,1.009675,1.009941,1.010763,1.011051,1.011353,1.011669,1.012001,1.012973,1.013332,1.013706,1.014098,1.014506,1.014933,1.015378,1.015841,1.016325,1.016829,1.017354,1.017048,1.016755,1.016472,1.016201,1.015940,1.015689,1.015446,1.015213,1.014987,1.014770,1.014559,1.014356,1.014159,1.013968,1.013783,1.013604,1.013430,1.013261,1.013097,1.012938,1.012782,1.012631,1.012484,1.012340,1.012200,1.012063,1.011930,1.011799,1.011671,1.011546,1.011423,1.011303,1.011185,1.011069,1.010956,1.010844,1.010734,1.010625,1.010519,1.010413,1.010310,1.010207,1.010106,1.010006,1.009907,1.009809,1.009712,1.009616
1.000000,1.000002,1.000150,1.000352,1.000560,1.000780,1.001013,1.001068,1.001328,1.001604,1.001896,1.001966,1.002288,1.002627,1.002983,1.003073,1.003462,1.003566,1.003989,1.004431,1.004554,1.005033,1.005171,1.005689,1.005843,1.006401,1.006573,1.007174,1.007362,1.007563,1.008231,1.008450,1.008682,1.009423,1.009675,1.009941,1.010763,1.011051,1.011353,1.011669,1.012001,1.012973,1.013332,1.013706,1.014098,1.014506,1.014933,1.015378,1.015841,1.016325,1.016829,1.017354,1.017902,1.017592,1.017295,1.017009,1.016734,1.016469,1.016213,1.015967,1.015729,1.015500,1.015278,1.015064,1.014856,1.014655,1.014461,1.014272,1.014089,1.013911,1.013738,1.013570,1.013406,1.013247,1.013092,1.012941,1.012793,1.012649,1.012509,1.012371,1.012237,1.012105,1.011976,1.011850,1.011725,1.011604,1.011484,1.011367,1.011251,1.011137,1.011025,1.010915,1.010806,1.010698,1.010592,1.010487,1.010383,1.010281,1.010179,1.010078
1.000000,1.000002,1.000150,1.000352,1.000560,1.000780,1.001013,1.001068,1.001328,1.001604,1.001896,1.001966,1.002288,1.002627,1.002983,1.003073,1.003462,1.003566,1.003989,1.004431,1.004554,1.005033,1.005171,1.005689,1.005843,1.006401,1.006573,1.007174,1.007362,1.007563,1.008231,1.008450,1.008682,1.009423,1.009675,1.009941,1.010763,1.011051,1.011353,1.011669,1.012001,1.012973,1.013332,1.013706,1.014098,1.014506,1.014933,1.015378,1.015841,1.016325,1.016829,1.017354,1.017902,1.018472,1.018159,1.017857,1.017567,1.017288,1.017019,1.016760,1.016509,1.016267,1.016034,1.015808,1.015589,1.015377,1.015172,1.014973,1.014780,1.014593,1.014411,1.014234,1.014061,1.013894,1.013731,1.013571,1.013416,1.013265,1.013116,1.012972,1.012830,1.012692,1.012556,1.012423,1.012293,1.012165,1.012039,1.011915,1.011794,1.011674,1.011557,1.011441,1.011326,1.011213,1.011102,1.010992,1.010883,1.010775,1.010669,1.010563
1.000000,1.000002,1.000150,1.000352,1.000560,1.000780,1.001013,1.001068,1.001328,1.001604,1.001896,1.001966,1.002288,1.002627,1.002983,1.003073,1.003462,1.003566,1.003989,1.004431,1.004554,1.005033,1.005171,1.005689,1.005843,1.006401,1.006573,1.007174,1.007362,1.007563,1.008231,1.008450,1.008682,1.009423,1.009675,1.009941,1.010763,1.011051,1.011353,1.011669,1.012001,1.012973,1.013332,1.013706,1.014098,1.014506,1.014933,1.015378,1.015841,1.016325,1.016829,1.017354,1.017902,1.018472,1.019067,1.018750,1.018444,1.018150,1.017866,1.017593,1.017329,1.017074,1.016827,1.016589,1.016359,1.016136,1.015920,1.015710,1.015507,1.015309,1.015117,1.014931,1.014750,1.014573,1.014401,1.014234,1.014070,1.013911,1.013755,1.013603,1.013454,1.013308,1.013165,1.013025,1.012888,1.012754,1.012622,1.012492,1.012364,1.012238,1.012115,1.011993,1.011873,1.011754,1.011637,1.011522,1.011408,1.011295,1.011183,1.011072
1.000000,1.000002,1.000150,1.000352,1.000560,1.000780,1.001013,1.001068,1.001328,1.001604,1.001896,1.001966,1.002288,1.002627,1.002983,1.003073,1.003462,1.003566,1.003989,1.004431,1.004554,1.005033,1.005171,1.005689,1.005843,1.006401,1.006573,1.007174,1.007362,1.007563,1.008231,1.008450,1.008682,1.009423,1.009675,1.009941,1.010763,1.011051,1.011353,1.011669,1.012001,1.012973,1.013332,1.013706,1.014098,1.014506,1.014933,1.015378,1.015841,1.016325,1.016829,1.017354,1.017902,1.018472,1.019067,1.019688,1.019366,1.019056,1.018757,1.018468,1.018190,1.017922,1.017662,1.017411,1.017168,1.016933,1.016705,1.016485,1.016270,1.016062,1.015860,1.015664,1.015473,1.015287,1.015106,1.014930,1.014758,1.014590,1.014426,1.014265,1.014109,1.013955,1.013805,1.013658,1.013514,1.013372,1.013234,1.013097,1.012963,1.012831,1.012701,1.012573,1.012447,1.012323,1.012200,1.012079,1.011959,1.011840,1.011723,1.011607
1.000000,1.000002,1.000150,1.000352,1.000560,1.000780,1.001013,1.001068,1.001328,1.001604,1.001896,1.001966,1.002288,1.002627,1.002983,1.003073,1.003462,1.003566,1.003989,1.004431,1.004554,1.005033,1.005171,1.005689,1.005843,1.006401,1.006573,1.007174,1.007362,1.007563,1.008231,1.008450,1.008682,1.009423,1.009675,1.009941,1.010763,1.011051,1.011353,1.011669,1.012001,1.012973,1.013332,1.013706,1.014098,1.014506,1.014933,1.015378,1.015841,1.016325,1.016829,1.017354,1.017902,1.018472,1.019067,1.019688,1.020336,1.020009,1.019694,1.019390,1.019097,1.018813,1.018540,1.018275,1.018020,1.017772,1.017532,1.017299,1.017073,1.016854,1.016641,1.016435,1.016233,1.016038,1.015847,1.015661,1.015480,1.015303,1.015131,1.014962,1.014797,1.014636,1.014478,1.014323,1.014172,1.014023,1.013877,1.013733,1.013592,1.013454,1.013317,1.013183,1.013050,1.012920,1.012791,1.012664,1.012538,1.012414,1.012291,1.012169
1.000000,1.000002,1.000150,1.000352,1.000560,1.000780,1.001013,1.001068,1.001328,1.001604,1.001896,1.001966,1.002288,1.002627,1.002983,1.003073,1.003462,1.003566,1.003989,1.004431,1.004554,1.005033,1.005171,1.005689,1.005843,1.006401,1.006573,1.007174,1.007362,1.007563,1.008231,1.008450,1.008682,1.009423,1.009675,1.009941,1.010763,1.011051,1.011353,1.011669,1.012001,1.012973,1.013332,1.013706,1.014098,1.014506,1.014933,1.015378,1.015841,1.016325,1.016829,1.017354,1.017902,1.018472,1.019067,1.019688,1.020336,1.021012,1.020680,1.020359,1.020050,1.019752,1.019464,1.019185,1.018915,1.018654,1.018401,1.018156,1.017918,1.017687,1.017463,1.017245,1.017033,1.016827,1.016626,1.016431,1.016240,1.016054,1.015872,1.015695,1.015521,1.015352,1.015185,1.015023,1.014863,1.014707,1.014553,1.014402,1.014254,1.014109,1.013965,1.013824,1.013685,1.013548,1.013413,1.013279,1.013147,1.013017,1.012888,1.012760
1.000000,1.000002,1.000150,1.000352,1.000560,1.000780,1.001013,1.001068,1.001328,1.001604,1.001896,1.001966,1.002288,1.002627,1.002983,1.003073,1.003462,1.003566,1.003989,1.004431,1.004554,1.005033,1.005171,1.005689,1.005843,1.006401,1.006573,1.007174,1.007362,1.007563,1.008231,1.008450,1.008682,1.009423,1.009675,1.009941,1.010763,1.011051,1.011353,1.011669,1.012001,1.012973,1.013332,1.013706,1.014098,1.014506,1.014933,1.015378,1.015841,1.016325,1.016829,1.017354,1.017902,1.018472,1.019067,1.019688,1.020336,1.021012,1.021718,1.021380,1.021054,1.020740,1.020436,1.020142,1.019858,1.019583,1.019316,1.019058,1.018807,1.018564,1.018328,1.018099,1.017875,1.017658,1.017447,1.017241,1.017040,1.016844,1.016653,1.016466,1.016283,1.016105,1.015930,1.015759,1.015591,1.015426,1.015265,1.015107,1.014951,1.014798,1.014647,1.014499,1.014353,1.014209,1.014067,1.013926,1.013788,1.013651,1.013516,1.013382
1.000000,1.000002,1.000150,1.000352,1.000560,1.000780,1.001013,1.001068,1.001328,1.001604,1.001896,1.001966,1.002288,1.002627,1.002983,1.003073,1.003462,1.003566,1.003989,1.004431,1.004554,1.005033,1.005171,1.005689,1.005843,1.006401,1.006573,1.007174,1.007362,1.007563,1.008231,1.008450,1.008682,1.009423,1.009675,1.009941,1.010763,1.011051,1.011353,1.011669,1.012001,1.012973,1.013332,1.013706,1.014098,1.014506,1.014933,1.015378,1.015841,1.016325,1.016829,1.017354,1.017902,1.018472,1.019067,1.019688,1.020336,1.021012,1.021718,1.022455,1.022112,1.021780,1.021460,1.021151,1.020851,1.020561,1.020280,1.020008,1.019744,1.019488,1.019239,1.018997,1.018762,1.018533,1.018311,1.018094,1.017882,1.017676,1.017475,1.017278,1.017086,1.016898,1.016714,1.016534,1.016357,1.016184,1.016014,1.015848,1.015684,1.015523,1.015365,1.015209,1.015055,1.014904,1.014755,1.014608,1.014463,1.014319,1.014177,1.014037
1.000000,1.000002,1.000150,1.000352,1.000560,1.000780,1.001013,1.001068,1.001328,1.001604,1.001896,1.001966,1.002288,1.002627,1.002983,1.003073,1.003462,1.003566,1.003989,1.004431,1.004554,1.005033,1.005171,1.005689,1.005843,1.006401,1.006573,1.007174,1.007362,1.007563,1.008231,1.008450,1.008682,1.009423,1.009675,1.009941,1.010763,1.011051,1.011353,1.011669,1.012001,1.012973,1.013332,1.013706,1.014098,1.014506,1.014933,1.015378,1.015841,1.016325,1.016829,1.017354,1.017902,1.018472,1.019067,1.019688,1.020336,1.021012,1.021718,1.022455,1.022112,1.022917,1.022578,1.022251,1.021935,1.021628,1.021331,1.021044,1.020765,1.020494,1.020231,1.019976,1.019728,1.019486,1.019251,1.019022,1.018799,1.018581,1.018369,1.018161,1.017959,1.017760,1.017566,1.017376,1.017190,1.017008,1.016829,1.016654,1.016481,1.016312,1.016145,1.015981,1.015819,1.015660,1.015503,1.015348,1.015196,1.015045,1.014895,1.014748
1.000000,1.000002,1.000150,1.000352,1.000560,1.000780,1.001013,1.001068,1.001328,1.001604,1.001896,1.001966,1.002288,1.002627,1.002983,1.003073,1.003462,1.003566,1.003989,1.004431,1.004554,1.005033,1.005171,1.005689,1.005843,1.006401,1.006573,1.007174,1.007362,1.007563,1.008231,1.008450,1.008682,1.009423,1.009675,1.009941,1.010763,1.011051,1.011353,1.011669,1.012001,1.012973,1.013332,1.013706,1.014098,1.014506,1.014933,1.015378,1.015841,1.016325,1.016829,1.017354,1.017902,1.018472,1.019067,1.019688,1.020336,1.021012,1.021718,1.022455,1.022112,1.022917,1.023758,1.023412,1.023078,1.022754,1.022441,1.022137,1.021842,1.021556,1.021279,1.021009,1.020747,1.020492,1.020244,1.020002,1.019766,1.019537,1.019312,1.019093,1.018880,1.018670,1.018466,1.018266,1.018070,1.017877,1.017689,1.017504,1.017322,1.017144,1.016968,1.016795,1.016625,1.016458,1.016293,1.016130,1.015969,1.015810,1.015653,1.015498
1.000000,1.000002,1.000150,1.000352,1.000560,1.000780,1.001013,1.001068,1.001328,1.001604,1.001896,1.001966,1.002288,1.002627,1.002983,1.003073,1.003462,1.003566,1.003989,1.004431,1.004554,1.005033,1.005171,1.005689,1.005843,1.006401,1.006573,1.007174,1.007362,1.007563,1.008231,1.008450,1.008682,1.009423,1.009675,1.009941,1.010763,1.011051,1.011353,1.011669,1.012001,1.012973,1.013332,1.013706,1.014098,1.014506,1.014933,1.015378,1.015841,1.016325,1.016829,1.017354,1.017902,1.018472,1.019067,1.019688,1.020336,1.021012,1.021718,1.022455,1.022112,1.022917,1.023758,1.024638,1.024285,1.023943,1.023612,1.023291,1.022980,1.022678,1.022385,1.022100,1.021823,1.021554,1.021292,1.021036,1.020788,1.020545,1.020309,1.020078,1.019852,1.019632,1.019416,1.019205,1.018998,1.018795,1.018597,1.018402,1.018210,1.018022,1.017837,1.017655,1.017476,1.017300,1.017126,1.016955,1.016786,1.016619,1.016454,1.016291
1.000000,1.000002,1.000150,1.000352,1.000560,1.000780,1.001013,1.001068,1.001328,1.001604,1.001896,1.001966,1.002288,1.002627,1.002983,1.003073,1.003462,1.003566,1.003989,1.004431,1.004554,1.005033,1.005171,1.005689,1.005843,1.006401,1.006573,1.007174,1.007362,1.007563,1.008231,1.008450,1.008682,1.009423,1.009675,1.009941,1.010763,1.011051,1.011353,1.011669,1.012001,1.012973,1.013332,1.013706,1.014098,1.014506,1.014933,1.015378,1.015841,1.016325,1.016829,1.017354,1.017902,1.018472,1.019067,1.019688,1.020336,1.021012,1.021718,1.022455,1.022112,1.022917,1.023758,1.024638,1.024285,1.025248,1.024897,1.024557,1.024227,1.023907,1.023597,1.023295,1.023002,1.022717,1.022440,1.022169,1.021906,1.021650,1.021399,1.021155,1.020916,1.020683,1.020455,1.020232,1.020013,1.019799,1.019589,1.019383,1.019181,1.018983,1.018787,1.018596,1.018407,1.018221,1.018037,1.017857,1.017678,1.017502,1.017329,1.017157
1.000000,1.000002,1.000150,1.000352,1.000560,1.000780,1.001013,1.001068,1.001328,1.001604,1.001896,1.001966,1.002288,1.002627,1.002983,1.003073,1.003462,1.003566,1.003989,1.004431,1.004554,1.005033,1.005171,1.005689,1.005843,1.006401,1.006573,1.007174,1.007362,1.007563,1.008231,1.008450,1.008682,1.009423,1.009675,1.009941,1.010763,1.011051,1.011353,1.011669,1.012001,1.012973,1.013332,1.013706,1.014098,1.014506,1.014933,1.015378,1.015841,1.016325,1.016829,1.017354,1.017902,1.018472,1.019067,1.019688,1.020336,1.021012,1.021718,1.022455,1.022112,1.022917,1.023758,1.024638,1.024285,1.025248,1.026257,1.025897,1.025547,1.025209,1.024880,1.024561,1.024250,1.023949,1.023655,1.023369,1.023090,1.022819,1.022554,1.022296,1.022043,1.021797,1.021556,1.021320,1.021089,1.020862,1.020641,1.020423,1.020209,1.020000,1.019794,1.019591,1.019392,1.019195,1.019002,1.018811,1.018624,1.018438,1.018255,1.018074
1.000000,1.000002,1.000150,1.000352,1.000560,1.000780,1.001013,1.001068,1.001328,1.001604,1.001896,1.001966,1.002288,1.002627,1.002983,1.003073,1.003462,1.003566,1.003989,1.004431,1.004554,1.005033,1.005171,1.005689,1.005843,1.006401,1.006573,1.007174,1.007362,1.007563,1.008231,1.008450,1.008682,1.009423,1.009675,1.009941,1.010763,1.011051,1.011353,1.011669,1.012001,1.012973,1.013332,1.013706,1.014098,1.014506,1.014933,1.015378,1.015841,1.016325,1.016829,1.017354,1.017902,1.018472,1.019067,1.019688,1.020336,1.021012,1.021718,1.022455,1.022112,1.022917,1.023758,1.024638,1.024285,1.025248,1.026257,1.027316,1.026946,1.026588,1.026240,1.025902,1.025573,1.025254,1.024943,1.024640,1.024346,1.024058,1.023778,1.023505,1.023238,1.022977,1.022722,1.022473,1.022228,1.021989,1.021755,1.021525,1.021299,1.021078,1.020860,1.020646,1.020436,1.020229,1.020025,1.019824,1.019626,1.019430,1.019237,1.019046
1.000000,1.000002,1.000150,1.000352,1.000560,1.000780,1.001013,1.001068,1.001328,1.001604,1.001896,1.001966,1.002288,1.002627,1.002983,1.003073,1.003462,1.003566,1.003989,1.004431,1.004554,1.005033,1.005171,1.005689,1.005843,1.006401,1.006573,1.007174,1.007362,1.007563,1.008231,1.008450,1.008682,1.009423,1.009675,1.009941,1.010763,1.011051,1.011353,1.011669,1.012001,1.012973,1.013332,1.013706,1.014098,1.014506,1.014933,1.015378,1.015841,1.016325,1.016829,1.017354,1.017902,1.018472,1.019067,1.019688,1.020336,1.021012,1.021718,1.022455,1.022112,1.022917,1.023758,1.024638,1.024285,1.025248,1.026257,1.027316,1.026946,1.028112,1.027742,1.027383,1.027034,1.026695,1.026365,1.026043,1.025730,1.025426,1.025128,1.024838,1.024555,1.024278,1.024008,1.023744,1.023485,1.023231,1.022983,1.022740,1.022501,1.022266,1.022036,1.021809,1.021587,1.021368,1.021152,1.020939,1.020730,1.020523,1.020319,1.020117
1.000000,1.000002,1.000150,1.000352,1.000560,1.000780,1.001013,1.001068,1.001328,1.001604,1.001896,1.001966,1.002288,1.002627,1.002983,1.003073,1.003462,1.003566,1.003989,1.004431,1.004554,1.005033,1.005171,1.005689,1.005843,1.006401,1.006573,1.007174,1.007362,1.007563,1.008231,1.008450,1.008682,1.009423,1.009675,1.009941,1.010763,1.011051,1.011353,1.011669,1.012001,1.012973,1.013332,1.013706,1.014098,1.014506,1.014933,1.015378,1.015841,1.016325,1.016829,1.017354,1.017902,1.018472,1.019067,1.019688,1.020336,1.021012,1.021718,1.022455,1.022112,1.022917,1.023758,1.024638,1.024285,1.025248,1.026257,1.027316,1.026946,1.028112,1.027742,1.029026,1.028654,1.028292,1.027941,1.027599,1.027266,1.026941,1.026625,1.026316,1.026015,1.025720,1.025433,1.025151,1.024876,1.024607,1.024343,1.024084,1.023831,1.023582,1.023337,1.023097,1.022860,1.022628,1.022399,1.022174,1.021951,1.021732,1.021516,1.021303
1.000000,1.000002,1.000150,1.000352,1.000560,1.000780,1.001013,1.001068,1.001328,1.001604,1.001896,1.001966,1.002288,1.002627,1.002983,1.003073,1.003462,1.003566,1.003989,1.004431,1.004554,1.005033,1.005171,1.005689,1.005843,1.006401,1.006573,1.007174,1.007362,1.007563,1.008231,1.008450,1.008682,1.009423,1.009675,1.009941,1.010763,1.011051,1.011353,1.011669,1.012001,1.012973,1.013332,1.013706,1.014098,1.014506,1.014933,1.015378,1.015841,1.016325,1.016829,1.017354,1.017902,1.018472,1.019067,1.019688,1.020336,1.021012,1.021718,1.022455,1.022112,1.022917,1.023758,1.024638,1.024285,1.025248,1.026257,1.027316,1.026946,1.028112,1.027742,1.029026,1.030381,1.029996,1.029622,1.029257,1.028903,1.028557,1.028221,1.027892,1.027572,1.027259,1.026953,1.026654,1.026361,1.026075,1.025794,1.025519,1.025250,1.024985,1.024726,1.024471,1.024220,1.023973,1.023730,1.023491,1.023255,1.023023,1.022794,1.022568
1.000000,1.000002,1.000150,1.000352,1.000560,1.000780,1.001013,1.001068,1.001328,1.001604,1.001896,1.001966,1.002288,1.002627,1.002983,1.003073,1.003462,1.003566,1.003989,1.004431,1.004554,1.005033,1.005171,1.005689,1.005843,1.006401,1.006573,1.007174,1.007362,1.007563,1.008231,1.008450,1.008682,1.009423,1.009675,1.009941,1.010763,1.011051,1.011353,1.011669,1.012001,1.012973,1.013332,1.013706,1.014098,1.014506,1.014933,1.015378,1.015841,1.016325,1.016829,1.017354,1.017902,1.018472,1.019067,1.019688,1.020336,1.021012,1.021718,1.022455,1.022112,1.022917,1.023758,1.024638,1.024285,1.025248,1.026257,1.027316,1.026946,1.028112,1.027742,1.029026,1.030381,1.029996,1.031501,1.031112,1.030733,1.030364,1.030004,1.029654,1.029311,1.028977,1.028651,1.028332,1.028019,1.027714,1.027415,1.027122,1.026835,1.026553,1.026276,1.026004,1.025737,1.025475,1.025216,1.024962,1.024711,1.024464,1.024221,1.023980
1.000000,1.000002,1.000150,1.000352,1.000560,1.000780,1.001013,1.001068,1.001328,1.001604,1.001896,1.001966,1.002288,1.002627,1.002983,1.003073,1.003462,1.003566,1.003989,1.004431,1.004554,1.005033,1.005171,1.005689,1.005843,1.006401,1.006573,1.007174,1.007362,1.007563,1.008231,1.008450,1.008682,1.009423,1.009675,1.009941,1.010763,1.011051,1.011353,1.011669,1.012001,1.012973,1.013332,1.013706,1.014098,1.014506,1.014933,1.015378,1.015841,1.016325,1.016829,1.017354,1.017902,1.018472,1.019067,1.019688,1.020336,1.021012,1.021718,1.022455,1.022112,1.022917,1.023758,1.024638,1.024285,1.025248,1.026257,1.027316,1.026946,1.028112,1.027742,1.029026,1.030381,1.029996,1.031501,1.031112,1.032793,1.032397,1.032011,1.031635,1.031268,1.030910,1.030561,1.030219,1.029885,1.029558,1.029237,1.028924,1.028617,1.028315,1.028019,1.027729,1.027444,1.027163,1.026887,1.026615,1.026348,1.026084,1.025824,1.025568
1.000000,1.000002,1.000150,1.000352,1.000560,1.000780,1.001013,1.001068,1.001328,1.001604,1.001896,1.001966,1.002288,1.002627,1.002983,1.003073,1.003462,1.003566,1.003989,1.004431,1.004554,1.005033,1.005171,1.005689,1.005843,1.006401,1.006573,1.007174,1.007362,1.007563,1.008231,1.008450,1.008682,1.009423,1.009675,1.009941,1.010763,1.011051,1.011353,1.011669,1.012001,1.012973,1.013332,1.013706,1.014098,1.014506,1.014933,1.015378,1.015841,1.016325,1.016829,1.017354,1.017902,1.018472,1.019067,1.019688,1.020336,1.021012,1.021718,1.022455,1.022112,1.022917,1.023758,1.024638,1.024285,1.025248,1.026257,1.027316,1.026946,1.028112,1.027742,1.029026,1.030381,1.029996,1.031501,1.031112,1.032793,1.032397,1.034287,1.033883,1.033488,1.033102,1.032726,1.032358,1.031999,1.031647,1.031303,1.030966,1.030636,1.030313,1.029995,1.029683,1.029377,1.029076,1.028781,1.028489,1.028203,1.027920,1.027642,1.027367
1.000000,1.000002,1.000150,1.000352,1.000560,1.000780,1.001013,1.001068,1.001328,1.001604,1.001896,1.001966,1.002288,1.002627,1.002983,1.003073,1.003462,1.003566,1.003989,1.004431,1.004554,1.005033,1.005171,1.005689,1.005843,1.006401,1.006573,1.007174,1.007362,1.007563,1.008231,1.008450,1.008682,1.009423,1.009675,1.009941,1.010763,1.011051,1.011353,1.011669,1.012001,1.012973,1.013332,1.013706,1.014098,1.014506,1.014933,1.015378,1.015841,1.016325,1.016829,1.017354,1.017902,1.018472,1.019067,1.019688,1.020336,1.021012,1.021718,1.022455,1.022112,1.022917,1.023758,1.024638,1.024285,1.025248,1.026257,1.027316,1.026946,1.028112,1.027742,1.029026,1.030381,1.029996,1.031501,1.031112,1.032793,1.032397,1.034287,1.033883,1.036028,1.035612,1.035205,1.034808,1.034419,1.034040,1.033668,1.033304,1.032948,1.032599,1.032257,1.031920,1.031590,1.031266,1.030948,1.030634,1.030325,1.030021,1.029722,1.029426
1.000000,1.000002,1.000150,1.000352,1.000560,1.000780,1.001013,1.001068,1.001328,1.001604,1.001896,1.001966,1.002288,1.002627,1.002983,1.003073,1.003462,1.003566,1.003989,1.004431,1.004554,1.005033,1.005171,1.005689,1.005843,1.006401,1.006573,1.007174,1.007362,1.007563,1.008231,1.008450,1.008682,1.009423,1.009675,1.009941,1.010763,1.011051,1.011353,1.011669,1.012001,1.012973,1.013332,1.013706,1.014098,1.014506,1.014933,1.015378,1.015841,1.016325,1.016829,1.017354,1.017902,1.018472,1.019067,1.019688,1.020336,1.021012,1.021718,1.022455,1.022112,1.022917,1.023758,1.024638,1.024285,1.025248,1.026257,1.027316,1.026946,1.028112,1.027742,1.029026,1.030381,1.029996,1.031501,1.031112,1.032793,1.032397,1.034287,1.033883,1.036028,1.035612,1.035205,1.037833,1.037408,1.036993,1.036587,1.036190,1.035801,1.035420,1.035046,1.034680,1.034320,1.033967,1.033620,1.033279,1.032943,1.032613,1.032287,1.031966
1.000000,1.000002,1.000150,1.000352,1.000560,1.000780,1.001013,1.001068,1.001328,1.001604,1.001896,1.001966,1.002288,1.002627,1.002983,1.003073,1.003462,1.003566,1.003989,1.004431,1.004554,1.005033,1.005171,1.005689,1.005843,1.006401,1.006573,1.007174,1.007362,1.007563,1.008231,1.008450,1.008682,1.009423,1.009675,1.009941,1.010763,1.011051,1.011353,1.011669,1.012001,1.012973,1.013332,1.013706,1.014098,1.014506,1.014933,1.015378,1.015841,1.016325,1.016829,1.017354,1.017902,1.018472,1.019067,1.019688,1.020336,1.021012,1.021718,1.022455,1.022112,1.022917,1.023758,1.024638,1.024285,1.025248,1.026257,1.027316,1.026946,1.028112,1.027742,1.029026,1.030381,1.029996,1.031501,1.031112,1.032793,1.032397,1.034287,1.033883,1.036028,1.035612,1.035205,1.037833,1.037408,1.036993,1.040318,1.039878,1.039446,1.039024,1.038611,1.038205,1.037808,1.037417,1.037034,1.036657,1.036287,1.035922,1.035563,1.035209
1.000000,1.000002,1.000150,1.000352,1.000560,1.000780,1.001013,1.001068,1.001328,1.001604,1.001896,1.001966,1.002288,1.002627,1.002983,1.003073,1.003462,1.003566,1.003989,1.004431,1.004554,1.005033,1.005171,1.005689,1.005843,1.006401,1.006573,1.007174,1.007362,1.007563,1.008231,1.008450,1.008682,1.009423,1.009675,1.009941,1.010763,1.011051,1.011353,1.011669,1.012001,1.012973,1.013332,1.013706,1.014098,1.014506,1.014933,1.015378,1.015841,1.016325,1.016829,1.017354,1.017902,1.018472,1.019067,1.019688,1.020336,1.021012,1.021718,1.022455,1.022112,1.022917,1.023758,1.024638,1.024285,1.025248,1.026257,1.027316,1.026946,1.028112,1.027742,1.029026,1.030381,1.029996,1.031501,1.031112,1.032793,1.032397,1.034287,1.033883,1.036028,1.035612,1.035205,1.037833,1.037408,1.036993,1.040318,1.039878,1.039446,1.039024,1.043923,1.043458,1.043002,1.042556,1.042118,1.041688,1.041265,1.040850,1.040441,1.040038
1.000000,1.000002,1.000150,1.000352,1.000560,1.000780,1.001013,1.001068,1.001328,1.001604,1.001896,1.001966,1.002288,1.002627,1.002983,1.003073,1.003462,1.003566,1.003989,1.004431,1.004554,1.005033,1.005171,1.005689,1.005843,1.006401,1.006573,1.007174,1.007362,1.007563,1.008231,1.008450,1.008682,1.009423,1.009675,1.009941,1.010763,1.011051,1.011353,1.011669,1.012001,1.012973,1.013332,1.013706,1.014098,1.014506,1.014933,1.015378,1.015841,1.016325,1.016829,1.017354,1.017902,1.018472,1.019067,1.019688,1.020336,1.021012,1.021718,1.022455,1.022112,1.022917,1.023758,1.024638,1.024285,1.025248,1.026257,1.027316,1.026946,1.028112,1.027742,1.029026,1.030381,1.029996,1.031501,1.031112,1.032793,1.032397,1.034287,1.033883,1.036028,1.035612,1.035205,1.037833,1.037408,1.036993,1.040318,1.039878,1.039446,1.039024,1.043923,1.043458,1.043002,1.042556,1.042118,1.041688,1.041265,1.048478,1.058317,1.068154
